사용단어	가중치	사용횟수	단어승률
가게	10	10	1.0
가격	10	10	1.0
가구	9	10	0.9
가까이	9	10	0.9
가난	10	10	1.0
가능	5	10	0.5
가능성	9	10	0.9
가로	9	10	0.9
가로등	7	10	0.7
가로수	9	10	0.9
가루	10	10	1.0
가르침	8	10	0.8
가뭄	10	10	1.0
가방	9	10	0.9
가사	9	10	0.9
가상	10	10	1.0
가수	10	10	1.0
가스	8	10	0.8
가슴	10	10	1.0
가슴속	10	10	1.0
가요	10	10	1.0
가운데	10	10	1.0
가위	7	10	0.7
가을	10	10	1.0
가이드	10	10	1.0
가입	9	10	0.9
가입자	9	10	0.9
가장	9	10	0.9
가정	10	10	1.0
가정교사	10	10	1.0
가족	10	10	1.0
가죽	10	10	1.0
가지	8	10	0.8
가짜	10	10	1.0
가치	4	10	0.4
가치관	9	10	0.9
가톨릭	10	10	1.0
각각	10	10	1.0
각국	9	10	0.9
각오	8	10	0.8
각자	9	10	0.9
각종	8	10	0.8
간격	10	10	1.0
간부	7	10	0.7
간섭	10	10	1.0
간식	7	10	0.7
간장	8	10	0.8
간접	8	10	0.8
간접적	9	10	0.9
간판	10	10	1.0
간호	9	10	0.9
간호사	7	10	0.7
갈등	8	10	0.8
갈비	10	10	1.0
갈비탕	10	10	1.0
갈색	3	10	0.3
갈증	10	10	1.0
감각	10	10	1.0
감기	10	10	1.0
감독	7	10	0.7
감동	9	10	0.9
감동적	5	10	0.5
감사	8	10	0.8
감상	8	10	0.8
감소	8	10	0.8
감수성	7	10	0.7
감옥	10	10	1.0
감자	7	10	0.7
감정	10	10	1.0
감정적	6	10	0.6
강남	10	10	1.0
강당	10	10	1.0
강도	7	10	0.7
강물	8	10	0.8
강변	10	10	1.0
강북	8	10	0.8
강사	9	10	0.9
강수량	10	10	1.0
강아지	9	10	0.9
강원도	8	10	0.8
강의	9	10	0.9
강제	10	10	1.0
강조	9	10	0.9
갖가지	9	10	0.9
개개인	9	10	0.9
개구리	8	10	0.8
개나리	6	10	0.6
개미	9	10	0.9
개방	9	10	0.9
개별	10	10	1.0
개선	10	10	1.0
개성	4	10	0.4
개인	9	10	0.9
개인적	10	10	1.0
객관적	8	10	0.8
거리	5	10	0.5
거실	9	10	0.9
거액	10	10	1.0
거울	10	10	1.0
거짓	10	10	1.0
거짓말	7	10	0.7
거품	10	10	1.0
걱정	10	10	1.0
건강	10	10	1.0
건너	10	10	1.0
건너편	10	10	1.0
건넌방	10	10	1.0
건물	8	10	0.8
건설	4	10	0.4
건조	10	10	1.0
건축	10	10	1.0
걷기	8	10	0.8
걸음	10	10	1.0
검사	5	10	0.5
검은색	6	10	0.6
검정색	5	10	0.5
검토	7	10	0.7
게시판	10	10	1.0
게임	10	10	1.0
겨울	10	10	1.0
겨울철	10	10	1.0
겨자	9	10	0.9
견해	10	10	1.0
결과	10	10	1.0
결과적	8	10	0.8
결국	10	10	1.0
결론	10	10	1.0
결석	10	10	1.0
결승	10	10	1.0
결심	9	10	0.9
결정	10	10	1.0
결혼	10	10	1.0
결혼식	8	10	0.8
경계	8	10	0.8
경고	7	10	0.7
경기	7	10	0.7
경기도	8	10	0.8
경기장	6	10	0.6
경력	10	10	1.0
경복궁	10	10	1.0
경비	9	10	0.9
경상도	7	10	0.7
경영	9	10	0.9
경우	9	10	0.9
경쟁	10	10	1.0
경쟁력	10	10	1.0
경제	10	10	1.0
경제력	10	10	1.0
경제적	9	10	0.9
경제학	8	10	0.8
경주	9	10	0.9
경찰	10	10	1.0
경찰관	8	10	0.8
경찰서	9	10	0.9
경치	8	10	0.8
경향	10	10	1.0
경험	10	10	1.0
계곡	10	10	1.0
계단	9	10	0.9
계란	10	10	1.0
계산	10	10	1.0
계산기	9	10	0.9
계약	9	10	0.9
계절	10	10	1.0
계좌	9	10	0.9
계층	10	10	1.0
계획	10	10	1.0
고개	10	10	1.0
고객	10	10	1.0
고교	10	10	1.0
고구려	10	10	1.0
고구마	8	10	0.8
고궁	10	10	1.0
고급	10	10	1.0
고기	9	10	0.9
고등학교	10	10	1.0
고등학생	8	10	0.8
고려	10	10	1.0
고모	8	10	0.8
고모부	10	10	1.0
고무신	10	10	1.0
고민	8	10	0.8
고생	9	10	0.9
고속	8	10	0.8
고속도로	6	10	0.6
고속버스	10	10	1.0
고양이	9	10	0.9
고장	9	10	0.9
고전	10	10	1.0
고집	10	10	1.0
고추	8	10	0.8
고추장	8	10	0.8
고춧가루	10	10	1.0
고통	10	10	1.0
고함	10	10	1.0
고향	10	10	1.0
곡식	9	10	0.9
골목	5	10	0.5
골목길	10	10	1.0
골짜기	6	10	0.6
골치	10	10	1.0
골프	7	10	0.7
골프장	7	10	0.7
곳곳	10	10	1.0
공간	6	10	0.6
공개	10	10	1.0
공격	10	10	1.0
공공	9	10	0.9
공군	10	10	1.0
공급	10	10	1.0
공기	9	10	0.9
공동	7	10	0.7
공무원	7	10	0.7
공부	10	10	1.0
공사	8	10	0.8
공식	8	10	0.8
공식적	5	10	0.5
공업	10	10	1.0
공연	10	10	1.0
공연장	7	10	0.7
공원	9	10	0.9
공장	9	10	0.9
공주	9	10	0.9
공중	8	10	0.8
공중전화	10	10	1.0
공짜	10	10	1.0
공책	10	10	1.0
공통	10	10	1.0
공통적	10	10	1.0
공통점	9	10	0.9
공포	9	10	0.9
공항	10	10	1.0
공항버스	8	10	0.8
공해	10	10	1.0
공휴일	9	10	0.9
과거	7	10	0.7
과목	7	10	0.7
과외	6	10	0.6
과일	8	10	0.8
과자	7	10	0.7
과장	8	10	0.8
과정	10	10	1.0
과제	10	10	1.0
과학	9	10	0.9
과학자	9	10	0.9
과학적	8	10	0.8
관객	10	10	1.0
관계	7	10	0.7
관계자	8	10	0.8
관광	10	10	1.0
관광객	10	10	1.0
관광버스	9	10	0.9
관광지	9	10	0.9
관념	10	10	1.0
관람	10	10	1.0
관람객	10	10	1.0
관련	10	10	1.0
관리	7	10	0.7
관습	10	10	1.0
관심	9	10	0.9
관심사	9	10	0.9
관점	9	10	0.9
관찰	10	10	1.0
광경	6	10	0.6
광고	7	10	0.7
광장	8	10	0.8
광주	10	10	1.0
괴로움	9	10	0.9
교과서	7	10	0.7
교내	9	10	0.9
교대	9	10	0.9
교류	10	10	1.0
교문	10	10	1.0
교복	10	10	1.0
교사	6	10	0.6
교수	10	10	1.0
교실	6	10	0.6
교양	8	10	0.8
교외	9	10	0.9
교육	10	10	1.0
교육비	10	10	1.0
교육자	8	10	0.8
교장	6	10	0.6
교재	8	10	0.8
교직	10	10	1.0
교체	9	10	0.9
교통	10	10	1.0
교통사고	8	10	0.8
교포	8	10	0.8
교환	6	10	0.6
교회	10	10	1.0
교훈	0	10	0.0
구경	9	10	0.9
구두	2	10	0.2
구름	10	10	1.0
구멍	10	10	1.0
구별	10	10	1.0
구분	8	10	0.8
구석	10	10	1.0
구석구석	10	10	1.0
구성	5	10	0.5
구속	10	10	1.0
구역	10	10	1.0
구월	6	10	0.6
구입	8	10	0.8
구조	10	10	1.0
구청	4	10	0.4
구체적	7	10	0.7
국가	8	10	0.8
국가적	10	10	1.0
국기	9	10	0.9
국내	6	10	0.6
국내선	10	10	1.0
국내외	10	10	1.0
국립	10	10	1.0
국물	8	10	0.8
국민	7	10	0.7
국민적	8	10	0.8
국사	9	10	0.9
국산	10	10	1.0
국수	10	10	1.0
국어	5	10	0.5
국왕	10	10	1.0
국적	8	10	0.8
국제	10	10	1.0
국제선	10	10	1.0
국제적	10	10	1.0
국제화	10	10	1.0
국회	10	10	1.0
국회의원	8	10	0.8
군대	9	10	0.9
군사	8	10	0.8
군인	9	10	0.9
궁극적	10	10	1.0
권리	5	10	0.5
권위	6	10	0.6
권투	10	10	1.0
귀가	6	10	0.6
귀국	10	10	1.0
귀신	10	10	1.0
귓속	10	10	1.0
규모	8	10	0.8
규정	10	10	1.0
규칙	10	10	1.0
규칙적	7	10	0.7
균형	5	10	0.5
그간	10	10	1.0
그날	10	10	1.0
그늘	10	10	1.0
그다음	7	10	0.7
그동안	6	10	0.6
그때	10	10	1.0
그래픽	10	10	1.0
그룹	10	10	1.0
그릇	10	10	1.0
그리움	9	10	0.9
그림	10	10	1.0
그림자	9	10	0.9
그사이	10	10	1.0
그저께	10	10	1.0
그전	10	10	1.0
그중	9	10	0.9
그해	9	10	0.9
극복	10	10	1.0
극작가	8	10	0.8
극장	6	10	0.6
근거	9	10	0.9
근교	10	10	1.0
근래	10	10	1.0
근로	5	10	0.5
근로자	10	10	1.0
근무	9	10	0.9
근본	7	10	0.7
근본적	4	10	0.4
근원	7	10	0.7
근육	10	10	1.0
근처	7	10	0.7
글쓰기	8	10	0.8
글씨	0	10	0.0
글자	7	10	0.7
금강산	10	10	1.0
금고	6	10	0.6
금년	10	10	1.0
금메달	8	10	0.8
금액	10	10	1.0
금연	10	10	1.0
금요일	9	10	0.9
금지	8	10	0.8
긍정적	9	10	0.9
기간	8	10	0.8
기계	8	10	0.8
기관	8	10	0.8
기구	8	10	0.8
기기	8	10	0.8
기념	10	10	1.0
기념일	10	10	1.0
기념품	10	10	1.0
기능	3	10	0.3
기대	10	10	1.0
기도	9	10	0.9
기독교	10	10	1.0
기둥	10	10	1.0
기록	10	10	1.0
기름	10	10	1.0
기법	4	10	0.4
기본	7	10	0.7
기본적	7	10	0.7
기분	9	10	0.9
기쁨	10	10	1.0
기사	8	10	0.8
기성	8	10	0.8
기성세대	10	10	1.0
기숙사	9	10	0.9
기술	10	10	1.0
기술자	9	10	0.9
기억	10	10	1.0
기업	10	10	1.0
기업인	8	10	0.8
기여	10	10	1.0
기온	9	10	0.9
기운	10	10	1.0
기원	8	10	0.8
기원전	10	10	1.0
기자	8	10	0.8
기적	7	10	0.7
기준	10	10	1.0
기차	8	10	0.8
기초	9	10	0.9
기초적	9	10	0.9
기침	6	10	0.6
기타	9	10	0.9
기호	5	10	0.5
기혼	10	10	1.0
기회	10	10	1.0
기획	10	10	1.0
기후	7	10	0.7
긴급	10	10	1.0
긴장	7	10	0.7
긴장감	10	10	1.0
길가	6	10	0.6
길거리	4	10	0.4
길이	9	10	0.9
김밥	2	10	0.2
김치	7	10	0.7
김치찌개	10	10	1.0
김포공항	10	10	1.0
깊이	9	10	0.9
까닭	10	10	1.0
까만색	3	10	0.3
까치	6	10	0.6
깍두기	10	10	1.0
깡패	0	10	0.0
깨달음	10	10	1.0
깨소금	8	10	0.8
껍질	10	10	1.0
꼬리	5	10	0.5
꼬마	7	10	0.7
꼭대기	10	10	1.0
꽃씨	0	10	0.0
꽃잎	10	10	1.0
꾸중	8	10	0.8
꿈속	10	10	1.0
나들이	10	10	1.0
나라	9	10	0.9
나머지	10	10	1.0
나무	7	10	0.7
나물	9	10	0.9
나뭇가지	9	10	0.9
나뭇잎	10	10	1.0
나비	10	10	1.0
나이	9	10	0.9
나중	8	10	0.8
나침반	10	10	1.0
나흘	10	10	1.0
낙엽	10	10	1.0
낚시	9	10	0.9
낚시꾼	10	10	1.0
낚싯대	9	10	0.9
난리	8	10	0.8
난방	9	10	0.9
날개	10	10	1.0
날씨	0	10	0.0
날짜	9	10	0.9
남녀	10	10	1.0
남대문	10	10	1.0
남대문시장	6	10	0.6
남동생	9	10	0.9
남매	5	10	0.5
남미	9	10	0.9
남부	8	10	0.8
남북	8	10	0.8
남산	10	10	1.0
남성	5	10	0.5
남자	7	10	0.7
남쪽	10	10	1.0
남편	10	10	1.0
남학생	9	10	0.9
낭비	7	10	0.7
낱말	4	10	0.4
내과	9	10	0.9
내년	10	10	1.0
내달	6	10	0.6
내부	9	10	0.9
내외	6	10	0.6
내용	7	10	0.7
내용물	10	10	1.0
내일	9	10	0.9
내적	8	10	0.8
내후년	10	10	1.0
냄비	6	10	0.6
냄새	6	10	0.6
냇물	8	10	0.8
냉동	8	10	0.8
냉면	10	10	1.0
냉방	10	10	1.0
냉장고	6	10	0.6
너머	7	10	0.7
네거리	3	10	0.3
넥타이	9	10	0.9
노동	10	10	1.0
노동자	8	10	0.8
노란색	4	10	0.4
노래	10	10	1.0
노래방	9	10	0.9
노랫소리	7	10	0.7
노력	10	10	1.0
노선	10	10	1.0
노인	7	10	0.7
노트	0	10	0.0
녹색	4	10	0.4
녹음	10	10	1.0
녹차	8	10	0.8
녹화	10	10	1.0
논리	5	10	0.5
논리적	5	10	0.5
논문	9	10	0.9
논쟁	10	10	1.0
놀이	9	10	0.9
놀이터	0	10	0.0
농구	9	10	0.9
농담	10	10	1.0
농민	10	10	1.0
농부	10	10	1.0
농사	9	10	0.9
농사일	9	10	0.9
농산물	9	10	0.9
농업	10	10	1.0
농장	7	10	0.7
농촌	10	10	1.0
높이	10	10	1.0
누나	8	10	0.8
눈가	6	10	0.6
눈길	10	10	1.0
눈동자	8	10	0.8
눈물	9	10	0.9
눈병	10	10	1.0
눈빛	0	10	0.0
눈썹	10	10	1.0
눈앞	9	10	0.9
뉴스	7	10	0.7
뉴욕	10	10	1.0
느낌	10	10	1.0
늑대	10	10	1.0
능동적	8	10	0.8
능력	10	10	1.0
늦가을	10	10	1.0
다리	8	10	0.8
다방	8	10	0.8
다수	10	10	1.0
다양성	9	10	0.9
다음	8	10	0.8
다이어트	0	10	0.0
다툼	10	10	1.0
다행	10	10	1.0
단계	5	10	0.5
단골	10	10	1.0
단독	9	10	0.9
단맛	10	10	1.0
단순	10	10	1.0
단어	9	10	0.9
단위	7	10	0.7
단점	9	10	0.9
단지	10	10	1.0
단체	8	10	0.8
단추	4	10	0.4
단편	10	10	1.0
단풍	8	10	0.8
달걀	10	10	1.0
달러	10	10	1.0
달력	10	10	1.0
달리기	8	10	0.8
달빛	0	10	0.0
닭고기	8	10	0.8
담당	10	10	1.0
담당자	7	10	0.7
담배	6	10	0.6
담요	7	10	0.7
담임	10	10	1.0
답변	10	10	1.0
답장	9	10	0.9
닷새	5	10	0.5
당근	10	10	1.0
당시	9	10	0.9
당장	9	10	0.9
대가	9	10	0.9
대개	9	10	0.9
대구	8	10	0.8
대규모	8	10	0.8
대기	7	10	0.7
대기업	10	10	1.0
대낮	10	10	1.0
대다수	10	10	1.0
대답	10	10	1.0
대도시	9	10	0.9
대량	10	10	1.0
대륙	10	10	1.0
대문	9	10	0.9
대부분	10	10	1.0
대비	9	10	0.9
대사	9	10	0.9
대사관	8	10	0.8
대상자	8	10	0.8
대신	9	10	0.9
대응	10	10	1.0
대입	7	10	0.7
대전	8	10	0.8
대접	8	10	0.8
대중	6	10	0.6
대중교통	10	10	1.0
대중문화	10	10	1.0
대중적	9	10	0.9
대책	10	10	1.0
대출	10	10	1.0
대통령	10	10	1.0
대표	9	10	0.9
대표적	8	10	0.8
대학	8	10	0.8
대학교	10	10	1.0
대학교수	10	10	1.0
대학로	8	10	0.8
대학생	9	10	0.9
대학원	8	10	0.8
대한민국	10	10	1.0
대합실	9	10	0.9
대형	10	10	1.0
대화	10	10	1.0
대회	10	10	1.0
더위	6	10	0.6
덕분	8	10	0.8
덕수궁	10	10	1.0
덩어리	2	10	0.2
데이트	0	10	0.0
도구	9	10	0.9
도덕	10	10	1.0
도둑	10	10	1.0
도로	6	10	0.6
도마	6	10	0.6
도망	10	10	1.0
도서관	10	10	1.0
도시	8	10	0.8
도시락	10	10	1.0
도심	8	10	0.8
도움	10	10	1.0
도움말	6	10	0.6
도입	7	10	0.7
도자기	8	10	0.8
도장	9	10	0.9
도전	10	10	1.0
도중	9	10	0.9
도착	10	10	1.0
도쿄	10	10	1.0
독감	9	10	0.9
독립	10	10	1.0
독서	7	10	0.7
독일	8	10	0.8
독일어	9	10	0.9
독창적	7	10	0.7
돌멩이	9	10	0.9
동그라미	8	10	0.8
동기	9	10	0.9
동네	10	10	1.0
동대문	7	10	0.7
동대문시장	6	10	0.6
동료	10	10	1.0
동물	10	10	1.0
동물원	9	10	0.9
동부	10	10	1.0
동생	9	10	0.9
동서	8	10	0.8
동서남북	6	10	0.6
동시	7	10	0.7
동아리	4	10	0.4
동안	8	10	0.8
동양	6	10	0.6
동양인	8	10	0.8
동의	9	10	0.9
동작	6	10	0.6
동전	10	10	1.0
동쪽	10	10	1.0
동창	9	10	0.9
동포	9	10	0.9
동행	10	10	1.0
동화	9	10	0.9
동화책	10	10	1.0
돼지	8	10	0.8
돼지고기	8	10	0.8
된장	8	10	0.8
된장찌개	10	10	1.0
두께	10	10	1.0
두뇌	10	10	1.0
두려움	9	10	0.9
두부	10	10	1.0
두통	10	10	1.0
둥지	8	10	0.8
뒤쪽	10	10	1.0
뒤편	10	10	1.0
뒷골목	7	10	0.7
뒷모습	10	10	1.0
뒷문	9	10	0.9
뒷산	8	10	0.8
드라마	6	10	0.6
등록	10	10	1.0
등록금	8	10	0.8
등록증	10	10	1.0
등산	10	10	1.0
등산로	5	10	0.5
등장	8	10	0.8
디스크	7	10	0.7
디자이너	10	10	1.0
디자인	9	10	0.9
따님	10	10	1.0
딸기	9	10	0.9
딸아이	10	10	1.0
땅바닥	10	10	1.0
땅속	10	10	1.0
땅콩	10	10	1.0
떡국	8	10	0.8
떡볶이	7	10	0.7
뚜껑	10	10	1.0
뜻밖	10	10	1.0
라디오	6	10	0.6
라면	10	10	1.0
라운드	10	10	1.0
라이벌	10	10	1.0
라이터	0	10	0.0
라인	6	10	0.6
라켓	10	10	1.0
러시아	8	10	0.8
런던	10	10	1.0
레몬	10	10	1.0
레스토랑	10	10	1.0
레이저	6	10	0.6
레저	3	10	0.3
렌즈	10	10	1.0
로봇	10	10	1.0
로터리	6	10	0.6
리그	5	10	0.5
리듬	10	10	1.0
마누라	7	10	0.7
마늘	10	10	1.0
마당	10	10	1.0
마디	10	10	1.0
마라톤	10	10	1.0
마련	10	10	1.0
마루	10	10	1.0
마무리	6	10	0.6
마사지	10	10	1.0
마약	8	10	0.8
마요네즈	10	10	1.0
마을	10	10	1.0
마음	8	10	0.8
마음가짐	10	10	1.0
마음속	10	10	1.0
마음씨	0	10	0.0
마이크	7	10	0.7
마중	9	10	0.9
마지막	10	10	1.0
마찬가지	9	10	0.9
마찰	10	10	1.0
마크	6	10	0.6
막걸리	7	10	0.7
막내	7	10	0.7
만남	7	10	0.7
만두	7	10	0.7
만세	10	10	1.0
만약	6	10	0.6
만일	10	10	1.0
만점	8	10	0.8
만족	10	10	1.0
만화	10	10	1.0
만화가	8	10	0.8
말기	10	10	1.0
말씀	10	10	1.0
말투	9	10	0.9
망원경	7	10	0.7
맞은편	10	10	1.0
매너	10	10	1.0
매력	10	10	1.0
매스컴	10	10	1.0
매일	9	10	0.9
매장	6	10	0.6
매체	9	10	0.9
맥주	10	10	1.0
머리	6	10	0.6
머리말	5	10	0.5
머리카락	10	10	1.0
머리칼	10	10	1.0
머릿속	10	10	1.0
먹이	9	10	0.9
먼지	9	10	0.9
메뉴	9	10	0.9
메모	9	10	0.9
메시지	10	10	1.0
메일	10	10	1.0
며느리	7	10	0.7
며칠	9	10	0.9
면담	9	10	0.9
면적	10	10	1.0
면접	8	10	0.8
멸치	9	10	0.9
명단	8	10	0.8
명령	10	10	1.0
명령어	6	10	0.6
명예	10	10	1.0
명의	10	10	1.0
명절	10	10	1.0
명칭	10	10	1.0
명함	10	10	1.0
모기	8	10	0.8
모니터	0	10	0.0
모델	10	10	1.0
모두	8	10	0.8
모래	10	10	1.0
모레	5	10	0.5
모범	9	10	0.9
모습	10	10	1.0
모양	8	10	0.8
모임	10	10	1.0
모자	8	10	0.8
모집	10	10	1.0
모퉁이	10	10	1.0
목걸이	7	10	0.7
목록	10	10	1.0
목사	8	10	0.8
목소리	5	10	0.5
목숨	10	10	1.0
목요일	10	10	1.0
목욕	10	10	1.0
목욕탕	10	10	1.0
목적	8	10	0.8
목표	10	10	1.0
몸매	7	10	0.7
몸무게	9	10	0.9
몸살	5	10	0.5
몸속	10	10	1.0
몸짓	10	10	1.0
몸통	8	10	0.8
묘사	8	10	0.8
무게	10	10	1.0
무관심	9	10	0.9
무궁화	10	10	1.0
무기	8	10	0.8
무늬	10	10	1.0
무대	6	10	0.6
무더위	6	10	0.6
무덤	10	10	1.0
무료	10	10	1.0
무릎	10	10	1.0
무리	8	10	0.8
무역	10	10	1.0
무용	7	10	0.7
무용가	7	10	0.7
무지개	10	10	1.0
문구	8	10	0.8
문밖	10	10	1.0
문법	3	10	0.3
문서	9	10	0.9
문자	9	10	0.9
문장	9	10	0.9
문제	10	10	1.0
문제점	8	10	0.8
문학	7	10	0.7
문학적	8	10	0.8
문화	10	10	1.0
문화재	8	10	0.8
문화적	8	10	0.8
물가	9	10	0.9
물건	10	10	1.0
물결	9	10	0.9
물고기	9	10	0.9
물기	8	10	0.8
물론	10	10	1.0
물리학	9	10	0.9
물속	9	10	0.9
물음	8	10	0.8
물질	10	10	1.0
물질적	7	10	0.7
물체	9	10	0.9
미국	10	10	1.0
미니	10	10	1.0
미디어	6	10	0.6
미래	10	10	1.0
미만	9	10	0.9
미사일	10	10	1.0
미소	8	10	0.8
미술	10	10	1.0
미술관	7	10	0.7
미스	9	10	0.9
미역	10	10	1.0
미용실	8	10	0.8
미움	9	10	0.9
미인	7	10	0.7
미팅	10	10	1.0
미혼	10	10	1.0
민간	7	10	0.7
민속	10	10	1.0
민족	10	10	1.0
민주	10	10	1.0
민주주의	8	10	0.8
민주화	10	10	1.0
믿음	7	10	0.7
밀가루	10	10	1.0
밑바닥	10	10	1.0
바가지	9	10	0.9
바구니	10	10	1.0
바깥	10	10	1.0
바깥쪽	10	10	1.0
바나나	10	10	1.0
바늘	10	10	1.0
바다	10	10	1.0
바닥	10	10	1.0
바닷가	8	10	0.8
바닷물	9	10	0.9
바람	10	10	1.0
바보	7	10	0.7
바위	7	10	0.7
바이러스	9	10	0.9
바이올린	10	10	1.0
바지	9	10	0.9
바퀴	10	10	1.0
바탕	10	10	1.0
박물관	6	10	0.6
박사	8	10	0.8
박수	10	10	1.0
박스	8	10	0.8
반대	10	10	1.0
반대편	10	10	1.0
반말	6	10	0.6
반면	10	10	1.0
반발	6	10	0.6
반성	7	10	0.7
반응	10	10	1.0
반장	8	10	0.8
반죽	10	10	1.0
반지	9	10	0.9
반찬	10	10	1.0
받침	6	10	0.6
발가락	10	10	1.0
발걸음	7	10	0.7
발견	10	10	1.0
발길	10	10	1.0
발끝	10	10	1.0
발달	5	10	0.5
발등	8	10	0.8
발레	4	10	0.4
발목	7	10	0.7
발바닥	10	10	1.0
발생	10	10	1.0
발음	8	10	0.8
발자국	10	10	1.0
발전	9	10	0.9
발톱	10	10	1.0
발표	9	10	0.9
밤낮	10	10	1.0
밤새	4	10	0.4
밤색	5	10	0.5
밤중	8	10	0.8
밤하늘	10	10	1.0
밥그릇	10	10	1.0
밥맛	10	10	1.0
밥상	10	10	1.0
밥솥	10	10	1.0
방면	9	10	0.9
방문	8	10	0.8
방바닥	10	10	1.0
방법	6	10	0.6
방송	10	10	1.0
방송국	9	10	0.9
방송사	7	10	0.7
방식	9	10	0.9
방안	9	10	0.9
방울	10	10	1.0
방지	7	10	0.7
방학	8	10	0.8
방해	10	10	1.0
방향	10	10	1.0
배경	10	10	1.0
배구	8	10	0.8
배꼽	10	10	1.0
배달	4	10	0.4
배드민턴	10	10	1.0
배우	9	10	0.9
배우자	8	10	0.8
배추	7	10	0.7
배추김치	6	10	0.6
배치	5	10	0.5
백두산	10	10	1.0
백색	7	10	0.7
백성	10	10	1.0
백인	8	10	0.8
백제	10	10	1.0
백화점	5	10	0.5
뱃사람	10	10	1.0
버릇	10	10	1.0
버섯	10	10	1.0
버스	10	10	1.0
버터	0	10	0.0
버튼	10	10	1.0
번개	10	10	1.0
번역	10	10	1.0
번지	10	10	1.0
번호	7	10	0.7
벌금	7	10	0.7
벌레	5	10	0.5
범위	7	10	0.7
범인	8	10	0.8
범죄	10	10	1.0
법률	10	10	1.0
법원	9	10	0.9
법적	9	10	0.9
법칙	10	10	1.0
베개	10	10	1.0
베이징	10	10	1.0
벤치	5	10	0.5
벨트	0	10	0.0
변경	9	10	0.9
변동	7	10	0.7
변명	6	10	0.6
변신	10	10	1.0
변호사	9	10	0.9
변화	10	10	1.0
별도	9	10	0.9
별명	7	10	0.7
별일	8	10	0.8
병실	8	10	0.8
병아리	8	10	0.8
병원	8	10	0.8
보고	10	10	1.0
보고서	7	10	0.7
보관	6	10	0.6
보너스	8	10	0.8
보도	9	10	0.9
보라색	4	10	0.4
보람	10	10	1.0
보름	10	10	1.0
보리	6	10	0.6
보상	8	10	0.8
보수	10	10	1.0
보수적	9	10	0.9
보안	10	10	1.0
보자기	9	10	0.9
보장	8	10	0.8
보전	10	10	1.0
보조	9	10	0.9
보존	10	10	1.0
보통	10	10	1.0
보편적	9	10	0.9
보험	10	10	1.0
보호	6	10	0.6
복도	8	10	0.8
복사	8	10	0.8
복사기	10	10	1.0
복숭아	7	10	0.7
복습	10	10	1.0
볶음	7	10	0.7
볶음밥	0	10	0.0
본격적	8	10	0.8
본래	10	10	1.0
본부	8	10	0.8
본사	8	10	0.8
본성	9	10	0.9
본인	10	10	1.0
본질	10	10	1.0
볼링	10	10	1.0
볼일	8	10	0.8
볼펜	10	10	1.0
봉사	9	10	0.9
봉지	10	10	1.0
봉투	10	10	1.0
부근	10	10	1.0
부끄러움	9	10	0.9
부담	10	10	1.0
부대	9	10	0.9
부동산	10	10	1.0
부모	9	10	0.9
부모님	10	10	1.0
부문	9	10	0.9
부부	9	10	0.9
부분	10	10	1.0
부분적	8	10	0.8
부산	10	10	1.0
부상	9	10	0.9
부서	9	10	0.9
부엌	10	10	1.0
부위	6	10	0.6
부인	8	10	0.8
부자	8	10	0.8
부작용	9	10	0.9
부잣집	10	10	1.0
부장	7	10	0.7
부재	8	10	0.8
부정	10	10	1.0
부정적	4	10	0.4
부족	10	10	1.0
부채	8	10	0.8
부처	9	10	0.9
부친	4	10	0.4
부탁	10	10	1.0
부품	10	10	1.0
부피	10	10	1.0
부회장	8	10	0.8
북부	9	10	0.9
북쪽	10	10	1.0
북한	10	10	1.0
분노	9	10	0.9
분량	10	10	1.0
분리	5	10	0.5
분석	10	10	1.0
분야	10	10	1.0
분위기	8	10	0.8
분필	9	10	0.9
분홍색	2	10	0.2
불고기	9	10	0.9
불교	10	10	1.0
불꽃	5	10	0.5
불만	10	10	1.0
불법	4	10	0.4
불빛	0	10	0.0
불안	9	10	0.9
불이익	10	10	1.0
불편	10	10	1.0
불평	10	10	1.0
불행	10	10	1.0
브랜드	10	10	1.0
블라우스	9	10	0.9
비교	9	10	0.9
비극	10	10	1.0
비난	10	10	1.0
비누	10	10	1.0
비닐	10	10	1.0
비닐봉지	9	10	0.9
비둘기	7	10	0.7
비디오	9	10	0.9
비만	8	10	0.8
비명	6	10	0.6
비밀	0	10	0.0
비바람	10	10	1.0
비빔밥	4	10	0.4
비상	9	10	0.9
비서	9	10	0.9
비용	8	10	0.8
비율	10	10	1.0
비중	10	10	1.0
비타민	9	10	0.9
비판	10	10	1.0
비판적	7	10	0.7
비행	10	10	1.0
비행기	8	10	0.8
비행장	7	10	0.7
빌딩	10	10	1.0
빗물	9	10	0.9
빗방울	10	10	1.0
빗줄기	9	10	0.9
빛깔	10	10	1.0
빨간색	5	10	0.5
빨래	10	10	1.0
뿌리	5	10	0.5
사건	10	10	1.0
사계절	9	10	0.9
사고	7	10	0.7
사과	10	10	1.0
사기	9	10	0.9
사나이	8	10	0.8
사냥	10	10	1.0
사람	10	10	1.0
사랑	10	10	1.0
사례	10	10	1.0
사립	10	10	1.0
사망	10	10	1.0
사모님	10	10	1.0
사무	5	10	0.5
사무소	8	10	0.8
사무실	6	10	0.6
사무직	10	10	1.0
사물	10	10	1.0
사방	10	10	1.0
사상	9	10	0.9
사생활	10	10	1.0
사설	7	10	0.7
사슴	10	10	1.0
사실	10	10	1.0
사업	10	10	1.0
사업가	10	10	1.0
사업자	8	10	0.8
사용	10	10	1.0
사용자	8	10	0.8
사원	7	10	0.7
사월	4	10	0.4
사위	7	10	0.7
사이	7	10	0.7
사이사이	5	10	0.5
사자	10	10	1.0
사장	7	10	0.7
사전	9	10	0.9
사정	10	10	1.0
사진	8	10	0.8
사진기	9	10	0.9
사촌	10	10	1.0
사춘기	9	10	0.9
사탕	10	10	1.0
사투리	5	10	0.5
사표	10	10	1.0
사회	10	10	1.0
사회생활	10	10	1.0
사회자	8	10	0.8
사회적	8	10	0.8
사회주의	10	10	1.0
사회학	7	10	0.7
사흘	10	10	1.0
산길	10	10	1.0
산부인과	10	10	1.0
산소	9	10	0.9
산속	10	10	1.0
산업	10	10	1.0
산책	8	10	0.8
살림	10	10	1.0
살인	8	10	0.8
삼계탕	10	10	1.0
삼국	10	10	1.0
삼월	3	10	0.3
삼촌	10	10	1.0
상관	7	10	0.7
상금	9	10	0.9
상담	10	10	1.0
상당	10	10	1.0
상당수	9	10	0.9
상대	9	10	0.9
상대방	9	10	0.9
상대성	8	10	0.8
상대적	7	10	0.7
상대편	10	10	1.0
상류	10	10	1.0
상반기	9	10	0.9
상상	9	10	0.9
상상력	10	10	1.0
상식	7	10	0.7
상업	10	10	1.0
상인	9	10	0.9
상자	8	10	0.8
상점	9	10	0.9
상징적	10	10	1.0
상처	9	10	0.9
상추	7	10	0.7
상태	10	10	1.0
상표	9	10	0.9
상품	10	10	1.0
상황	10	10	1.0
새끼	10	10	1.0
새벽	10	10	1.0
새소리	3	10	0.3
새우	9	10	0.9
새해	10	10	1.0
색깔	10	10	1.0
색연필	8	10	0.8
샌드위치	7	10	0.7
생각	10	10	1.0
생기	9	10	0.9
생명	10	10	1.0
생물	9	10	0.9
생방송	10	10	1.0
생산	10	10	1.0
생산력	10	10	1.0
생산자	8	10	0.8
생선	9	10	0.9
생신	10	10	1.0
생일	9	10	0.9
생활	10	10	1.0
생활비	10	10	1.0
생활수준	10	10	1.0
생활용품	10	10	1.0
생활환경	6	10	0.6
샤워	10	10	1.0
서구	9	10	0.9
서랍	10	10	1.0
서로	7	10	0.7
서류	10	10	1.0
서명	6	10	0.6
서민	6	10	0.6
서부	9	10	0.9
서비스	8	10	0.8
서양	8	10	0.8
서양인	8	10	0.8
서울	10	10	1.0
서울역	10	10	1.0
서적	6	10	0.6
서점	8	10	0.8
서쪽	10	10	1.0
서클	6	10	0.6
석사	4	10	0.4
석유	10	10	1.0
선거	9	10	0.9
선물	10	10	1.0
선배	10	10	1.0
선생	10	10	1.0
선생님	10	10	1.0
선수	8	10	0.8
선원	9	10	0.9
선장	7	10	0.7
선전	10	10	1.0
선진	6	10	0.6
선진국	10	10	1.0
선택	10	10	1.0
선풍기	6	10	0.6
설거지	10	10	1.0
설날	10	10	1.0
설렁탕	10	10	1.0
설명	5	10	0.5
설문	9	10	0.9
설악산	10	10	1.0
설치	6	10	0.6
설탕	10	10	1.0
섭씨	0	10	0.0
성격	10	10	1.0
성경	10	10	1.0
성공	9	10	0.9
성공적	6	10	0.6
성당	10	10	1.0
성명	7	10	0.7
성별	10	10	1.0
성인	10	10	1.0
성장	8	10	0.8
성적	10	10	1.0
성질	10	10	1.0
성함	10	10	1.0
세계	8	10	0.8
세계관	8	10	0.8
세계적	9	10	0.9
세금	7	10	0.7
세기	9	10	0.9
세대	9	10	0.9
세로	4	10	0.4
세미나	7	10	0.7
세상	7	10	0.7
세수	10	10	1.0
세월	6	10	0.6
세제	10	10	1.0
세종대왕	10	10	1.0
세탁	10	10	1.0
세탁기	9	10	0.9
세탁소	10	10	1.0
세트	0	10	0.0
센터	0	10	0.0
소개	10	10	1.0
소규모	7	10	0.7
소극적	7	10	0.7
소금	10	10	1.0
소나기	9	10	0.9
소나무	6	10	0.6
소녀	10	10	1.0
소년	10	10	1.0
소득	10	10	1.0
소리	6	10	0.6
소망	10	10	1.0
소매	6	10	0.6
소문	10	10	1.0
소비	8	10	0.8
소비자	8	10	0.8
소설	9	10	0.9
소설가	7	10	0.7
소속	10	10	1.0
소수	10	10	1.0
소스	8	10	0.8
소시지	9	10	0.9
소식	9	10	0.9
소아과	10	10	1.0
소용	8	10	0.8
소원	9	10	0.9
소유	10	10	1.0
소유자	10	10	1.0
소음	9	10	0.9
소재	9	10	0.9
소주	10	10	1.0
소지품	10	10	1.0
소질	10	10	1.0
소파	10	10	1.0
소포	10	10	1.0
소풍	9	10	0.9
소프트웨어	7	10	0.7
소형	9	10	0.9
소화	10	10	1.0
속담	10	10	1.0
속도	10	10	1.0
속마음	8	10	0.8
속옷	0	10	0.0
손가락	10	10	1.0
손길	10	10	1.0
손녀	10	10	1.0
손님	10	10	1.0
손등	9	10	0.9
손목	9	10	0.9
손바닥	10	10	1.0
손발	8	10	0.8
손뼉	10	10	1.0
손수건	9	10	0.9
손실	9	10	0.9
손자	8	10	0.8
손잡이	10	10	1.0
손질	10	10	1.0
손톱	10	10	1.0
손해	10	10	1.0
솜씨	0	10	0.0
송아지	10	10	1.0
송이	10	10	1.0
송편	10	10	1.0
쇠고기	6	10	0.6
쇼핑	10	10	1.0
수건	10	10	1.0
수고	9	10	0.9
수년	10	10	1.0
수단	8	10	0.8
수도	7	10	0.7
수도권	9	10	0.9
수도꼭지	8	10	0.8
수돗물	10	10	1.0
수동적	8	10	0.8
수면	10	10	1.0
수명	8	10	0.8
수박	10	10	1.0
수상	10	10	1.0
수석	10	10	1.0
수술	10	10	1.0
수업	10	10	1.0
수염	0	10	0.0
수영	9	10	0.9
수영장	8	10	0.8
수요	10	10	1.0
수요일	10	10	1.0
수입	8	10	0.8
수입품	10	10	1.0
수저	8	10	0.8
수준	10	10	1.0
수집	10	10	1.0
수출	10	10	1.0
수컷	10	10	1.0
수표	9	10	0.9
수필	8	10	0.8
수학	7	10	0.7
수험생	10	10	1.0
수화기	5	10	0.5
숙녀	10	10	1.0
숙소	10	10	1.0
숙제	10	10	1.0
순간	9	10	0.9
순간적	7	10	0.7
순서	10	10	1.0
순수	10	10	1.0
순식간	8	10	0.8
순위	8	10	0.8
숟가락	10	10	1.0
술병	10	10	1.0
술자리	7	10	0.7
술잔	8	10	0.8
술집	10	10	1.0
숫자	8	10	0.8
슈퍼마켓	10	10	1.0
스님	10	10	1.0
스스로	5	10	0.5
스승	10	10	1.0
스웨터	0	10	0.0
스위치	4	10	0.4
스케이트	0	10	0.0
스케줄	5	10	0.5
스키	10	10	1.0
스키장	9	10	0.9
스타	7	10	0.7
스타일	9	10	0.9
스튜디오	10	10	1.0
스트레스	8	10	0.8
스포츠	10	10	1.0
슬픔	10	10	1.0
습관	8	10	0.8
습기	8	10	0.8
승객	10	10	1.0
승리	7	10	0.7
승부	8	10	0.8
승용차	2	10	0.2
승진	5	10	0.5
시각	10	10	1.0
시간	9	10	0.9
시계	8	10	0.8
시골	10	10	1.0
시금치	10	10	1.0
시기	9	10	0.9
시나리오	9	10	0.9
시내	8	10	0.8
시내버스	9	10	0.9
시대	9	10	0.9
시대적	7	10	0.7
시댁	10	10	1.0
시도	7	10	0.7
시디	9	10	0.9
시디롬	10	10	1.0
시리즈	10	10	1.0
시멘트	0	10	0.0
시민	8	10	0.8
시부모	8	10	0.8
시선	9	10	0.9
시설	8	10	0.8
시스템	10	10	1.0
시아버지	8	10	0.8
시야	10	10	1.0
시어머니	10	10	1.0
시외	8	10	0.8
시외버스	8	10	0.8
시월	3	10	0.3
시위	8	10	0.8
시인	9	10	0.9
시일	10	10	1.0
시작	6	10	0.6
시장	7	10	0.7
시절	10	10	1.0
시점	8	10	0.8
시중	9	10	0.9
시즌	10	10	1.0
시집	10	10	1.0
시청	8	10	0.8
시청률	10	10	1.0
시청자	8	10	0.8
시합	5	10	0.5
시험	10	10	1.0
식구	7	10	0.7
식기	8	10	0.8
식당	10	10	1.0
식량	10	10	1.0
식료품	10	10	1.0
식물	10	10	1.0
식빵	10	10	1.0
식사	8	10	0.8
식생활	10	10	1.0
식욕	10	10	1.0
식용유	9	10	0.9
식초	9	10	0.9
식탁	10	10	1.0
식품	10	10	1.0
식품점	7	10	0.7
신경	9	10	0.9
신고	8	10	0.8
신규	7	10	0.7
신념	10	10	1.0
신라	8	10	0.8
신랑	10	10	1.0
신문	10	10	1.0
신문사	9	10	0.9
신문지	10	10	1.0
신발	7	10	0.7
신부	10	10	1.0
신분	8	10	0.8
신비	5	10	0.5
신사	10	10	1.0
신설	7	10	0.7
신세	10	10	1.0
신세대	9	10	0.9
신용	8	10	0.8
신인	10	10	1.0
신입생	10	10	1.0
신제품	10	10	1.0
신청	7	10	0.7
신청서	8	10	0.8
신체	7	10	0.7
신체적	6	10	0.6
신호	9	10	0.9
신호등	9	10	0.9
신혼부부	10	10	1.0
신혼여행	10	10	1.0
신화	10	10	1.0
실감	9	10	0.9
실내	8	10	0.8
실력	10	10	1.0
실례	10	10	1.0
실망	10	10	1.0
실수	8	10	0.8
실습	10	10	1.0
실시	6	10	0.6
실장	8	10	0.8
실정	10	10	1.0
실제	10	10	1.0
실질적	10	10	1.0
실천	10	10	1.0
실체	8	10	0.8
실태	10	10	1.0
실패	0	10	0.0
실험	10	10	1.0
실현	10	10	1.0
심리	5	10	0.5
심리적	7	10	0.7
심부름	10	10	1.0
심사	8	10	0.8
심장	9	10	0.9
심정	10	10	1.0
심판	10	10	1.0
십이월	3	10	0.3
십일월	6	10	0.6
싸구려	10	10	1.0
싸움	9	10	0.9
싼값	10	10	1.0
쌍둥이	8	10	0.8
쓰레기	9	10	0.9
쓰레기통	10	10	1.0
쓴맛	10	10	1.0
씨름	10	10	1.0
씨앗	10	10	1.0
아가씨	0	10	0.0
아기	10	10	1.0
아까	10	10	1.0
아나운서	7	10	0.7
아내	9	10	0.9
아드님	10	10	1.0
아들	10	10	1.0
아래	10	10	1.0
아래쪽	10	10	1.0
아래층	10	10	1.0
아랫사람	10	10	1.0
아르바이트	0	10	0.0
아무것	10	10	1.0
아버님	10	10	1.0
아버지	8	10	0.8
아빠	10	10	1.0
아쉬움	10	10	1.0
아스팔트	0	10	0.0
아시아	7	10	0.7
아이	7	10	0.7
아이디어	5	10	0.5
아이스크림	10	10	1.0
아저씨	0	10	0.0
아주머니	10	10	1.0
아줌마	7	10	0.7
아침	9	10	0.9
아파트	0	10	0.0
아프리카	6	10	0.6
아픔	10	10	1.0
악기	9	10	0.9
악몽	10	10	1.0
악수	9	10	0.9
안개	10	10	1.0
안경	8	10	0.8
안과	10	10	1.0
안내	7	10	0.7
안동	9	10	0.9
안방	9	10	0.9
안부	9	10	0.9
안전	10	10	1.0
안정	10	10	1.0
안주	7	10	0.7
안쪽	10	10	1.0
안팎	10	10	1.0
알루미늄	10	10	1.0
알코올	2	10	0.2
암시	9	10	0.9
암컷	10	10	1.0
압력	10	10	1.0
앞길	10	10	1.0
앞날	10	10	1.0
앞뒤	5	10	0.5
앞문	10	10	1.0
앞바다	9	10	0.9
앞쪽	10	10	1.0
애인	10	10	1.0
애정	10	10	1.0
애초	9	10	0.9
액세서리	2	10	0.2
액수	9	10	0.9
앨범	10	10	1.0
야간	6	10	0.6
야구	8	10	0.8
야구장	8	10	0.8
야단	10	10	1.0
야외	10	10	1.0
야채	6	10	0.6
약간	9	10	0.9
약국	10	10	1.0
약속	10	10	1.0
약수	10	10	1.0
약점	9	10	0.9
약품	10	10	1.0
약혼녀	10	10	1.0
약혼자	8	10	0.8
양국	10	10	1.0
양념	10	10	1.0
양력	10	10	1.0
양말	6	10	0.6
양배추	10	10	1.0
양보	10	10	1.0
양복	10	10	1.0
양상추	5	10	0.5
양식	6	10	0.6
양심	7	10	0.7
양옆	9	10	0.9
양주	9	10	0.9
양쪽	10	10	1.0
양파	10	10	1.0
얘기	8	10	0.8
어깨	10	10	1.0
어둠	10	10	1.0
어려움	9	10	0.9
어른	10	10	1.0
어린아이	8	10	0.8
어린애	10	10	1.0
어린이	9	10	0.9
어린이날	10	10	1.0
어머니	10	10	1.0
어머님	10	10	1.0
어저께	10	10	1.0
어제	10	10	1.0
어젯밤	6	10	0.6
언니	10	10	1.0
언덕	9	10	0.9
언론	10	10	1.0
언어	4	10	0.4
얼굴	10	10	1.0
얼마	6	10	0.6
얼마간	7	10	0.7
얼음	9	10	0.9
엄마	9	10	0.9
업무	7	10	0.7
업종	7	10	0.7
업체	7	10	0.7
엉덩이	9	10	0.9
엉망	10	10	1.0
엉터리	5	10	0.5
에너지	10	10	1.0
에어컨	0	10	0.0
엔진	6	10	0.6
엘리베이터	0	10	0.0
여가	9	10	0.9
여건	10	10	1.0
여고생	10	10	1.0
여관	9	10	0.9
여군	10	10	1.0
여권	8	10	0.8
여기저기	9	10	0.9
여대생	10	10	1.0
여동생	9	10	0.9
여럿	10	10	1.0
여론	10	10	1.0
여름	10	10	1.0
여름철	10	10	1.0
여성	7	10	0.7
여왕	10	10	1.0
여우	9	10	0.9
여유	10	10	1.0
여인	9	10	0.9
여자	10	10	1.0
여직원	7	10	0.7
여학생	10	10	1.0
여행	10	10	1.0
여행사	9	10	0.9
역사	8	10	0.8
역사가	9	10	0.9
역사상	10	10	1.0
역사적	5	10	0.5
역사학	9	10	0.9
역할	7	10	0.7
연간	6	10	0.6
연결	9	10	0.9
연관	7	10	0.7
연구	9	10	0.9
연구소	10	10	1.0
연구실	9	10	0.9
연구원	8	10	0.8
연구자	10	10	1.0
연극	10	10	1.0
연기	10	10	1.0
연기자	9	10	0.9
연두색	5	10	0.5
연락	10	10	1.0
연락처	8	10	0.8
연령	10	10	1.0
연말	6	10	0.6
연설	10	10	1.0
연세	10	10	1.0
연속	10	10	1.0
연습	10	10	1.0
연애	10	10	1.0
연예인	9	10	0.9
연인	10	10	1.0
연장	5	10	0.5
연주	9	10	0.9
연출	10	10	1.0
연필	10	10	1.0
연합	6	10	0.6
연휴	10	10	1.0
열기	7	10	0.7
열매	7	10	0.7
열쇠	10	10	1.0
열정	10	10	1.0
열차	6	10	0.6
열흘	10	10	1.0
염려	10	10	1.0
엽서	7	10	0.7
영국	8	10	0.8
영남	10	10	1.0
영상	10	10	1.0
영양	7	10	0.7
영어	8	10	0.8
영업	10	10	1.0
영역	10	10	1.0
영웅	10	10	1.0
영하	6	10	0.6
영향	10	10	1.0
영향력	10	10	1.0
영혼	10	10	1.0
영화	10	10	1.0
영화관	9	10	0.9
영화배우	9	10	0.9
영화제	10	10	1.0
옆구리	5	10	0.5
옆방	9	10	0.9
옆집	10	10	1.0
예감	10	10	1.0
예금	10	10	1.0
예방	10	10	1.0
예보	8	10	0.8
예비	10	10	1.0
예산	8	10	0.8
예상	10	10	1.0
예선	9	10	0.9
예술	9	10	0.9
예술가	8	10	0.8
예술적	10	10	1.0
예습	10	10	1.0
예식장	5	10	0.5
예약	9	10	0.9
예외	10	10	1.0
예의	9	10	0.9
예전	9	10	0.9
예절	9	10	0.9
예정	10	10	1.0
옛날	9	10	0.9
옛날이야기	9	10	0.9
오늘	10	10	1.0
오늘날	10	10	1.0
오락	10	10	1.0
오래간만	8	10	0.8
오래전	9	10	0.9
오랜만	9	10	0.9
오랫동안	10	10	1.0
오렌지	8	10	0.8
오른발	5	10	0.5
오른손	7	10	0.7
오른쪽	10	10	1.0
오리	6	10	0.6
오븐	10	10	1.0
오빠	10	10	1.0
오염	0	10	0.0
오월	4	10	0.4
오이	10	10	1.0
오전	9	10	0.9
오징어	6	10	0.6
오페라	7	10	0.7
오피스텔	10	10	1.0
오해	10	10	1.0
오후	7	10	0.7
옥상	9	10	0.9
옥수수	8	10	0.8
온도	9	10	0.9
온돌	10	10	1.0
온라인	6	10	0.6
온몸	9	10	0.9
온종일	9	10	0.9
올가을	10	10	1.0
올림픽	10	10	1.0
올여름	10	10	1.0
올해	10	10	1.0
옷차림	10	10	1.0
와이셔츠	10	10	1.0
와인	10	10	1.0
완성	8	10	0.8
완전	10	10	1.0
왕비	7	10	0.7
왕자	10	10	1.0
외갓집	10	10	1.0
외과	9	10	0.9
외교	10	10	1.0
외교관	6	10	0.6
외국	9	10	0.9
외국어	6	10	0.6
외국인	9	10	0.9
외로움	9	10	0.9
외모	7	10	0.7
외부	10	10	1.0
외삼촌	10	10	1.0
외아들	10	10	1.0
외제	10	10	1.0
외출	10	10	1.0
외침	7	10	0.7
외할머니	10	10	1.0
외할아버지	9	10	0.9
왼발	6	10	0.6
왼손	8	10	0.8
왼쪽	10	10	1.0
요구	7	10	0.7
요금	10	10	1.0
요리	5	10	0.5
요리사	8	10	0.8
요새	7	10	0.7
요일	10	10	1.0
요즈음	9	10	0.9
요즘	10	10	1.0
요청	5	10	0.5
욕실	9	10	0.9
욕심	9	10	0.9
용기	9	10	0.9
용도	7	10	0.7
용돈	10	10	1.0
용서	7	10	0.7
용어	7	10	0.7
우려	10	10	1.0
우리나라	8	10	0.8
우리말	3	10	0.3
우산	10	10	1.0
우승	9	10	0.9
우유	10	10	1.0
우정	10	10	1.0
우주	8	10	0.8
우체국	9	10	0.9
우편	9	10	0.9
우표	10	10	1.0
운동	9	10	0.9
운동복	8	10	0.8
운동장	7	10	0.7
운동화	10	10	1.0
운명	8	10	0.8
운반	5	10	0.5
운전	10	10	1.0
운전기사	7	10	0.7
운전사	8	10	0.8
운전자	10	10	1.0
운행	10	10	1.0
울산	10	10	1.0
울음	8	10	0.8
울음소리	4	10	0.4
움직임	10	10	1.0
웃어른	10	10	1.0
웃음	10	10	1.0
웃음소리	7	10	0.7
원고	9	10	0.9
원래	10	10	1.0
원서	10	10	1.0
원숭이	9	10	0.9
원인	9	10	0.9
원장	8	10	0.8
원피스	10	10	1.0
월급	10	10	1.0
월드컵	10	10	1.0
월세	10	10	1.0
월요일	9	10	0.9
웨이터	0	10	0.0
웬일	10	10	1.0
위기	9	10	0.9
위로	4	10	0.4
위반	8	10	0.8
위법	8	10	0.8
위성	9	10	0.9
위아래	10	10	1.0
위원	9	10	0.9
위원장	8	10	0.8
위주	10	10	1.0
위쪽	10	10	1.0
위층	10	10	1.0
위치	5	10	0.5
위험	10	10	1.0
위험성	8	10	0.8
위협	0	10	0.0
윗몸	7	10	0.7
윗사람	10	10	1.0
유교	9	10	0.9
유럽	10	10	1.0
유리	7	10	0.7
유리창	10	10	1.0
유머	7	10	0.7
유명	7	10	0.7
유물	9	10	0.9
유산	10	10	1.0
유월	5	10	0.5
유적	9	10	0.9
유적지	9	10	0.9
유치원	8	10	0.8
유학	8	10	0.8
유학생	9	10	0.9
유행	10	10	1.0
유형	8	10	0.8
육군	10	10	1.0
육상	9	10	0.9
육체	8	10	0.8
육체적	8	10	0.8
은행	10	10	1.0
은행나무	6	10	0.6
음력	10	10	1.0
음료	10	10	1.0
음료수	9	10	0.9
음반	6	10	0.6
음성	9	10	0.9
음식	7	10	0.7
음식물	10	10	1.0
음식점	9	10	0.9
음악	6	10	0.6
음악가	8	10	0.8
음주	10	10	1.0
의견	10	10	1.0
의논	8	10	0.8
의도	10	10	1.0
의도적	10	10	1.0
의류	10	10	1.0
의무	3	10	0.3
의문	10	10	1.0
의미	6	10	0.6
의복	10	10	1.0
의사	8	10	0.8
의식	9	10	0.9
의심	9	10	0.9
의욕	10	10	1.0
의원	10	10	1.0
의자	6	10	0.6
의지	9	10	0.9
의학	7	10	0.7
이것저것	10	10	1.0
이곳저곳	0	10	0.0
이날	10	10	1.0
이내	5	10	0.5
이념	10	10	1.0
이다음	10	10	1.0
이달	5	10	0.5
이데올로기	10	10	1.0
이동	9	10	0.9
이때	10	10	1.0
이력서	9	10	0.9
이론적	9	10	0.9
이름	10	10	1.0
이마	7	10	0.7
이모	8	10	0.8
이미지	8	10	0.8
이민	8	10	0.8
이발소	9	10	0.9
이번	9	10	0.9
이별	10	10	1.0
이불	8	10	0.8
이빨	7	10	0.7
이사	8	10	0.8
이사장	7	10	0.7
이상	8	10	0.8
이상적	8	10	0.8
이성	7	10	0.7
이슬	0	10	0.0
이야기	8	10	0.8
이외	8	10	0.8
이용	8	10	0.8
이용자	9	10	0.9
이웃	6	10	0.6
이웃집	10	10	1.0
이월	2	10	0.2
이유	10	10	1.0
이익	10	10	1.0
이자	8	10	0.8
이전	10	10	1.0
이제	10	10	1.0
이중	9	10	0.9
이튿날	10	10	1.0
이틀	10	10	1.0
이하	8	10	0.8
이해	10	10	1.0
이해관계	6	10	0.6
이혼	10	10	1.0
이후	10	10	1.0
인간	8	10	0.8
인간관계	6	10	0.6
인간성	6	10	0.6
인간적	8	10	0.8
인격	10	10	1.0
인공	9	10	0.9
인구	8	10	0.8
인근	10	10	1.0
인기	9	10	0.9
인도	9	10	0.9
인류	10	10	1.0
인물	10	10	1.0
인사	7	10	0.7
인사말	5	10	0.5
인삼	2	10	0.2
인삼차	8	10	0.8
인상	10	10	1.0
인상적	10	10	1.0
인생	9	10	0.9
인쇄	10	10	1.0
인연	9	10	0.9
인원	9	10	0.9
인재	9	10	0.9
인제	10	10	1.0
인종	9	10	0.9
인천	10	10	1.0
인천공항	10	10	1.0
인체	8	10	0.8
인터넷	10	10	1.0
인터뷰	10	10	1.0
인하	6	10	0.6
인형	6	10	0.6
일기	9	10	0.9
일등	7	10	0.7
일반	8	10	0.8
일반인	9	10	0.9
일반적	8	10	0.8
일본	8	10	0.8
일본어	8	10	0.8
일부	9	10	0.9
일상	9	10	0.9
일상생활	10	10	1.0
일상적	7	10	0.7
일생	10	10	1.0
일손	8	10	0.8
일시적	6	10	0.6
일식	5	10	0.5
일쑤	10	10	1.0
일요일	9	10	0.9
일월	3	10	0.3
일자	6	10	0.6
일자리	5	10	0.5
일정	10	10	1.0
일종	8	10	0.8
일주일	9	10	0.9
일체	8	10	0.8
일치	5	10	0.5
일행	10	10	1.0
일회용	3	10	0.3
일회용품	10	10	1.0
임금	10	10	1.0
임무	6	10	0.6
임시	8	10	0.8
임신	10	10	1.0
임신부	7	10	0.7
입구	7	10	0.7
입국	9	10	0.9
입대	7	10	0.7
입력	10	10	1.0
입맛	10	10	1.0
입사	8	10	0.8
입술	10	10	1.0
입시	10	10	1.0
입원	9	10	0.9
입장	7	10	0.7
입학	8	10	0.8
자가용	8	10	0.8
자격	10	10	1.0
자격증	10	10	1.0
자극	10	10	1.0
자기	10	10	1.0
자녀	10	10	1.0
자동	8	10	0.8
자동차	7	10	0.7
자랑	10	10	1.0
자료	10	10	1.0
자리	5	10	0.5
자매	8	10	0.8
자부심	8	10	0.8
자살	2	10	0.2
자세	10	10	1.0
자식	9	10	0.9
자신	8	10	0.8
자신감	10	10	1.0
자연	10	10	1.0
자연적	8	10	0.8
자연현상	9	10	0.9
자연환경	10	10	1.0
자원	10	10	1.0
자유	10	10	1.0
자율	10	10	1.0
자장면	10	10	1.0
자전거	9	10	0.9
자정	10	10	1.0
자존심	8	10	0.8
자체	8	10	0.8
자취	9	10	0.9
자판	10	10	1.0
자판기	9	10	0.9
작가	9	10	0.9
작년	10	10	1.0
작성	5	10	0.5
작업	10	10	1.0
작용	5	10	0.5
작은딸	10	10	1.0
작은아들	10	10	1.0
작은아버지	9	10	0.9
작은어머니	10	10	1.0
작품	10	10	1.0
잔디	10	10	1.0
잔디밭	10	10	1.0
잔치	8	10	0.8
잘못	10	10	1.0
잠깐	10	10	1.0
잠바	2	10	0.2
잠수함	10	10	1.0
잠시	7	10	0.7
잠옷	0	10	0.0
잠자리	4	10	0.4
잡지	10	10	1.0
장가	9	10	0.9
장갑	10	10	1.0
장관	9	10	0.9
장군	10	10	1.0
장기간	7	10	0.7
장기적	5	10	0.5
장난	10	10	1.0
장난감	10	10	1.0
장남	9	10	0.9
장래	10	10	1.0
장례	10	10	1.0
장례식	6	10	0.6
장르	10	10	1.0
장마	2	10	0.2
장면	9	10	0.9
장모	8	10	0.8
장모님	10	10	1.0
장미	8	10	0.8
장비	10	10	1.0
장사	6	10	0.6
장사꾼	10	10	1.0
장소	10	10	1.0
장수	10	10	1.0
장식	8	10	0.8
장애인	10	10	1.0
장인	8	10	0.8
장점	6	10	0.6
장학금	8	10	0.8
재능	8	10	0.8
재료	10	10	1.0
재미	9	10	0.9
재산	10	10	1.0
재생	9	10	0.9
재수	9	10	0.9
재작년	10	10	1.0
재정	10	10	1.0
재주	10	10	1.0
재즈	10	10	1.0
재채기	8	10	0.8
재판	10	10	1.0
재학	8	10	0.8
재활용	8	10	0.8
재활용품	10	10	1.0
저고리	2	10	0.2
저녁	10	10	1.0
저녁때	10	10	1.0
저번	10	10	1.0
저울	10	10	1.0
저자	8	10	0.8
저축	10	10	1.0
적극	10	10	1.0
적극적	10	10	1.0
적성	8	10	0.8
적용	10	10	1.0
적응	10	10	1.0
전개	10	10	1.0
전공	8	10	0.8
전구	8	10	0.8
전국	10	10	1.0
전국적	6	10	0.6
전기	10	10	1.0
전기밥솥	10	10	1.0
전날	10	10	1.0
전달	7	10	0.7
전라도	9	10	0.9
전망	10	10	1.0
전문	9	10	0.9
전문가	9	10	0.9
전문적	9	10	0.9
전문점	9	10	0.9
전문직	10	10	1.0
전반	9	10	0.9
전반적	7	10	0.7
전부	8	10	0.8
전선	9	10	0.9
전설	8	10	0.8
전세	10	10	1.0
전시	9	10	0.9
전시장	7	10	0.7
전시회	10	10	1.0
전용	9	10	0.9
전자	10	10	1.0
전쟁	10	10	1.0
전주	10	10	1.0
전철	10	10	1.0
전체	7	10	0.7
전체적	8	10	0.8
전통	10	10	1.0
전통문화	10	10	1.0
전통적	9	10	0.9
전화	10	10	1.0
전화기	9	10	0.9
전화번호	9	10	0.9
전환	6	10	0.6
전후	7	10	0.7
절대	10	10	1.0
절대적	8	10	0.8
절망	10	10	1.0
절반	9	10	0.9
절약	9	10	0.9
절차	7	10	0.7
젊은이	8	10	0.8
젊음	9	10	0.9
점검	10	10	1.0
점수	10	10	1.0
점심	9	10	0.9
점심때	10	10	1.0
점심시간	8	10	0.8
점원	8	10	0.8
접근	8	10	0.8
접시	9	10	0.9
접촉	10	10	1.0
젓가락	10	10	1.0
정거장	8	10	0.8
정기	8	10	0.8
정기적	10	10	1.0
정답	10	10	1.0
정당	10	10	1.0
정도	10	10	1.0
정류장	6	10	0.6
정리	4	10	0.4
정말	4	10	0.4
정면	10	10	1.0
정문	7	10	0.7
정반대	10	10	1.0
정보	10	10	1.0
정보화	10	10	1.0
정부	9	10	0.9
정비	4	10	0.4
정상	9	10	0.9
정상적	9	10	0.9
정성	9	10	0.9
정식	10	10	1.0
정신	9	10	0.9
정신과	9	10	0.9
정신적	8	10	0.8
정오	5	10	0.5
정원	9	10	0.9
정장	9	10	0.9
정지	8	10	0.8
정치	6	10	0.6
정치권	10	10	1.0
정치인	7	10	0.7
정치적	7	10	0.7
정치학	9	10	0.9
제공	9	10	0.9
제과점	9	10	0.9
제도적	10	10	1.0
제목	4	10	0.4
제비	6	10	0.6
제사	8	10	0.8
제삿날	10	10	1.0
제시	8	10	0.8
제안	5	10	0.5
제약	8	10	0.8
제의	9	10	0.9
제일	10	10	1.0
제자	9	10	0.9
제자리	5	10	0.5
제작	8	10	0.8
제주도	6	10	0.6
제출	10	10	1.0
제품	10	10	1.0
제한	8	10	0.8
조각	10	10	1.0
조개	10	10	1.0
조건	10	10	1.0
조금	10	10	1.0
조기	7	10	0.7
조깅	10	10	1.0
조명	10	10	1.0
조미료	10	10	1.0
조사	10	10	1.0
조상	7	10	0.7
조선	9	10	0.9
조절	10	10	1.0
조정	10	10	1.0
조직	10	10	1.0
조카	9	10	0.9
존댓말	7	10	0.7
존재	6	10	0.6
졸업	10	10	1.0
졸업생	10	10	1.0
졸음	7	10	0.7
종교	9	10	0.9
종교적	8	10	0.8
종로	5	10	0.5
종류	10	10	1.0
종소리	4	10	0.4
종업원	9	10	0.9
종이	5	10	0.5
종이컵	10	10	1.0
종일	10	10	1.0
종합	8	10	0.8
좌석	10	10	1.0
좌우	10	10	1.0
죄인	8	10	0.8
주거	7	10	0.7
주관적	7	10	0.7
주름	10	10	1.0
주름살	2	10	0.2
주말	3	10	0.3
주머니	10	10	1.0
주먹	10	10	1.0
주문	8	10	0.8
주민	10	10	1.0
주방	9	10	0.9
주변	10	10	1.0
주부	8	10	0.8
주사	5	10	0.5
주소	9	10	0.9
주스	10	10	1.0
주식	8	10	0.8
주요	10	10	1.0
주위	9	10	0.9
주의	9	10	0.9
주인	6	10	0.6
주인공	10	10	1.0
주장	10	10	1.0
주전자	9	10	0.9
주제	10	10	1.0
주차	9	10	0.9
주차장	7	10	0.7
주택	10	10	1.0
주한	5	10	0.5
죽음	8	10	0.8
준비	8	10	0.8
준비물	10	10	1.0
줄거리	4	10	0.4
줄기	9	10	0.9
줄무늬	10	10	1.0
중간	8	10	0.8
중계방송	10	10	1.0
중국	10	10	1.0
중국어	6	10	0.6
중국집	10	10	1.0
중년	10	10	1.0
중단	9	10	0.9
중독	10	10	1.0
중반	7	10	0.7
중부	10	10	1.0
중세	8	10	0.8
중소기업	10	10	1.0
중순	10	10	1.0
중식	7	10	0.7
중심	9	10	0.9
중심지	9	10	0.9
중앙	10	10	1.0
중요	10	10	1.0
중요성	8	10	0.8
중학교	10	10	1.0
중학생	10	10	1.0
즉석	10	10	1.0
즉시	8	10	0.8
즐거움	8	10	0.8
증가	8	10	0.8
증거	6	10	0.6
증권	9	10	0.9
증권사	8	10	0.8
증상	9	10	0.9
증세	10	10	1.0
지각	10	10	1.0
지갑	10	10	1.0
지구	10	10	1.0
지금	10	10	1.0
지급	10	10	1.0
지난날	10	10	1.0
지난달	6	10	0.6
지난번	8	10	0.8
지난주	10	10	1.0
지난해	10	10	1.0
지능	8	10	0.8
지대	9	10	0.9
지도	8	10	0.8
지도자	8	10	0.8
지름길	10	10	1.0
지리산	10	10	1.0
지방	9	10	0.9
지붕	10	10	1.0
지속적	8	10	0.8
지시	8	10	0.8
지식	8	10	0.8
지식인	9	10	0.9
지역	10	10	1.0
지우개	10	10	1.0
지원	9	10	0.9
지위	9	10	0.9
지적	7	10	0.7
지점	6	10	0.6
지지	9	10	0.9
지진	9	10	0.9
지출	10	10	1.0
지폐	10	10	1.0
지하	6	10	0.6
지하도	10	10	1.0
지하철	10	10	1.0
지혜	7	10	0.7
직선	9	10	0.9
직업	10	10	1.0
직원	9	10	0.9
직장	6	10	0.6
직장인	10	10	1.0
직전	10	10	1.0
직접	8	10	0.8
직접적	8	10	0.8
직후	8	10	0.8
진급	10	10	1.0
진단	9	10	0.9
진달래	10	10	1.0
진동	9	10	0.9
진로	6	10	0.6
진료	10	10	1.0
진리	4	10	0.4
진실	7	10	0.7
진심	7	10	0.7
진짜	9	10	0.9
진찰	10	10	1.0
진출	10	10	1.0
진통	10	10	1.0
진행	10	10	1.0
진행자	10	10	1.0
질문	10	10	1.0
질병	10	10	1.0
질서	9	10	0.9
질적	8	10	0.8
짐작	5	10	0.5
집단	9	10	0.9
집단적	8	10	0.8
집안	9	10	0.9
집안일	10	10	1.0
집중	9	10	0.9
집중적	6	10	0.6
짜증	10	10	1.0
찌개	10	10	1.0
찌꺼기	9	10	0.9
차남	9	10	0.9
차량	10	10	1.0
차례	10	10	1.0
차림	10	10	1.0
차별	10	10	1.0
차선	9	10	0.9
차이	7	10	0.7
차이점	9	10	0.9
차창	7	10	0.7
착각	8	10	0.8
찬물	10	10	1.0
찬성	10	10	1.0
참가	8	10	0.8
참기름	10	10	1.0
참새	7	10	0.7
참석	10	10	1.0
참석자	9	10	0.9
참여	8	10	0.8
참외	7	10	0.7
참조	5	10	0.5
찻잔	5	10	0.5
창가	9	10	0.9
창고	9	10	0.9
창구	8	10	0.8
창문	10	10	1.0
창밖	10	10	1.0
창작	8	10	0.8
창조	9	10	0.9
창조적	7	10	0.7
채널	10	10	1.0
채소	8	10	0.8
채점	8	10	0.8
책가방	7	10	0.7
책방	10	10	1.0
책상	9	10	0.9
책임	10	10	1.0
책임감	10	10	1.0
책임자	8	10	0.8
챔피언	6	10	0.6
처녀	10	10	1.0
처리	6	10	0.6
처벌	10	10	1.0
처음	9	10	0.9
처지	10	10	1.0
천국	8	10	0.8
천둥	10	10	1.0
천장	9	10	0.9
천재	9	10	0.9
철도	10	10	1.0
철학	7	10	0.7
철학자	9	10	0.9
철학적	8	10	0.8
첫날	10	10	1.0
청년	10	10	1.0
청바지	10	10	1.0
청소	9	10	0.9
청소기	7	10	0.7
청소년	10	10	1.0
청춘	10	10	1.0
체계적	9	10	0.9
체력	10	10	1.0
체온	10	10	1.0
체육	10	10	1.0
체육관	6	10	0.6
체조	8	10	0.8
체중	8	10	0.8
체험	10	10	1.0
초기	10	10	1.0
초대	6	10	0.6
초등학교	9	10	0.9
초등학생	10	10	1.0
초록색	5	10	0.5
초반	8	10	0.8
초밥	3	10	0.3
초보	9	10	0.9
초보자	6	10	0.6
초상화	10	10	1.0
초순	10	10	1.0
초여름	10	10	1.0
초원	9	10	0.9
초저녁	10	10	1.0
초점	9	10	0.9
초청	6	10	0.6
초청장	7	10	0.7
초콜릿	10	10	1.0
촛불	10	10	1.0
총각	9	10	0.9
총리	5	10	0.5
총장	8	10	0.8
촬영	7	10	0.7
최고	8	10	0.8
최고급	10	10	1.0
최근	7	10	0.7
최대	9	10	0.9
최대한	7	10	0.7
최상	8	10	0.8
최선	10	10	1.0
최소	10	10	1.0
최소한	9	10	0.9
최신	10	10	1.0
최악	6	10	0.6
최저	8	10	0.8
최종	8	10	0.8
최초	7	10	0.7
최후	7	10	0.7
추가	7	10	0.7
추석	10	10	1.0
추억	10	10	1.0
추위	6	10	0.6
추진	8	10	0.8
추천	10	10	1.0
추측	10	10	1.0
축구	7	10	0.7
축구공	7	10	0.7
축구장	6	10	0.6
축소	9	10	0.9
축제	10	10	1.0
축하	8	10	0.8
출구	8	10	0.8
출국	10	10	1.0
출근	10	10	1.0
출발	7	10	0.7
출발점	7	10	0.7
출산	9	10	0.9
출신	8	10	0.8
출연	7	10	0.7
출입	9	10	0.9
출입국	8	10	0.8
출입문	10	10	1.0
출장	9	10	0.9
출퇴근	10	10	1.0
출판	10	10	1.0
출판사	9	10	0.9
충격	10	10	1.0
충격적	6	10	0.6
충고	8	10	0.8
충돌	10	10	1.0
충청도	9	10	0.9
취미	10	10	1.0
취소	10	10	1.0
취업	10	10	1.0
취재	10	10	1.0
취직	10	10	1.0
취향	10	10	1.0
치과	10	10	1.0
치료	10	10	1.0
치료법	4	10	0.4
치마	5	10	0.5
치아	8	10	0.8
치약	9	10	0.9
치즈	10	10	1.0
친구	7	10	0.7
친절	10	10	1.0
친정	10	10	1.0
친척	10	10	1.0
칠월	4	10	0.4
칠판	10	10	1.0
침대	8	10	0.8
침묵	10	10	1.0
침실	9	10	0.9
칫솔	10	10	1.0
칭찬	10	10	1.0
카드	10	10	1.0
카레	6	10	0.6
카메라	5	10	0.5
카운터	0	10	0.0
카페	10	10	1.0
칼국수	9	10	0.9
캐나다	10	10	1.0
캐릭터	0	10	0.0
캠퍼스	10	10	1.0
캠페인	9	10	0.9
커튼	10	10	1.0
커피	8	10	0.8
컨디션	10	10	1.0
컬러	10	10	1.0
컴퓨터	0	10	0.0
케첩	10	10	1.0
코끝	10	10	1.0
코끼리	5	10	0.5
코너	10	10	1.0
코드	10	10	1.0
코미디	10	10	1.0
코스	7	10	0.7
코스모스	9	10	0.9
코치	7	10	0.7
코트	0	10	0.0
코피	7	10	0.7
콘서트	0	10	0.0
콜라	9	10	0.9
콤플렉스	8	10	0.8
콩나물	10	10	1.0
쾌감	10	10	1.0
쿠데타	8	10	0.8
크기	9	10	0.9
크리스마스	9	10	0.9
크림	10	10	1.0
큰길	10	10	1.0
큰딸	10	10	1.0
큰소리	7	10	0.7
큰아들	10	10	1.0
큰아버지	10	10	1.0
큰어머니	10	10	1.0
큰일	10	10	1.0
큰절	10	10	1.0
클래식	10	10	1.0
클럽	10	10	1.0
키스	9	10	0.9
타락	10	10	1.0
타입	8	10	0.8
타자기	7	10	0.7
탁구	9	10	0.9
탁자	8	10	0.8
탄생	10	10	1.0
태권도	8	10	0.8
태도	8	10	0.8
태아	5	10	0.5
태양	8	10	0.8
태풍	9	10	0.9
택시	8	10	0.8
탤런트	0	10	0.0
터널	10	10	1.0
터미널	10	10	1.0
테니스	8	10	0.8
테러	10	10	1.0
테스트	0	10	0.0
테이블	10	10	1.0
테이프	8	10	0.8
텍스트	0	10	0.0
텔레비전	10	10	1.0
토끼	10	10	1.0
토대	9	10	0.9
토론	10	10	1.0
토론자	8	10	0.8
토론회	10	10	1.0
토마토	6	10	0.6
토요일	10	10	1.0
통계	9	10	0.9
통과	10	10	1.0
통로	4	10	0.4
통신	9	10	0.9
통역	10	10	1.0
통일	9	10	0.9
통장	8	10	0.8
통제	10	10	1.0
통증	9	10	0.9
통합	7	10	0.7
통화	10	10	1.0
퇴근	10	10	1.0
퇴원	8	10	0.8
퇴직금	10	10	1.0
투자	7	10	0.7
투표	6	10	0.6
튀김	10	10	1.0
트럭	10	10	1.0
특급	10	10	1.0
특별	10	10	1.0
특성	10	10	1.0
특수	9	10	0.9
특수성	8	10	0.8
특징	10	10	1.0
티브이	8	10	0.8
티셔츠	10	10	1.0
파도	9	10	0.9
파란색	4	10	0.4
파리	7	10	0.7
파일	10	10	1.0
파출소	10	10	1.0
파티	6	10	0.6
판결	10	10	1.0
판단	9	10	0.9
판매	5	10	0.5
판사	7	10	0.7
팔월	2	10	0.2
팝송	10	10	1.0
패션	10	10	1.0
팩스	10	10	1.0
팩시밀리	7	10	0.7
팬티	6	10	0.6
페인트	0	10	0.0
편견	10	10	1.0
편의	6	10	0.6
편의점	8	10	0.8
편지	9	10	0.9
평가	8	10	0.8
평균	10	10	1.0
평상시	8	10	0.8
평생	10	10	1.0
평소	9	10	0.9
평양	9	10	0.9
평일	10	10	1.0
평화	10	10	1.0
폐지	9	10	0.9
포도	9	10	0.9
포도주	10	10	1.0
포스터	0	10	0.0
포인트	0	10	0.0
포장	7	10	0.7
포장마차	6	10	0.6
포크	8	10	0.8
포함	10	10	1.0
폭력	10	10	1.0
표면	10	10	1.0
표시	7	10	0.7
표정	10	10	1.0
표준	10	10	1.0
표현	10	10	1.0
품목	6	10	0.6
품질	9	10	0.9
풍경	6	10	0.6
풍속	9	10	0.9
풍습	10	10	1.0
프랑스	8	10	0.8
프로	3	10	0.3
프로그램	10	10	1.0
프린터	0	10	0.0
플라스틱	10	10	1.0
피곤	10	10	1.0
피디	9	10	0.9
피로	4	10	0.4
피망	10	10	1.0
피부	10	10	1.0
피시	8	10	0.8
피아노	7	10	0.7
피자	7	10	0.7
피해	9	10	0.9
피해자	8	10	0.8
필름	10	10	1.0
필수	10	10	1.0
필수적	9	10	0.9
필연적	6	10	0.6
필요	9	10	0.9
필요성	9	10	0.9
필자	8	10	0.8
필통	10	10	1.0
핑계	8	10	0.8
하나	7	10	0.7
하나님	10	10	1.0
하나하나	8	10	0.8
하느님	10	10	1.0
하늘	10	10	1.0
하드웨어	6	10	0.6
하루	10	10	1.0
하룻밤	7	10	0.7
하반기	8	10	0.8
하숙집	10	10	1.0
하순	10	10	1.0
하얀색	7	10	0.7
하천	10	10	1.0
하품	10	10	1.0
학과	10	10	1.0
학교	10	10	1.0
학교생활	10	10	1.0
학급	10	10	1.0
학기	9	10	0.9
학년	10	10	1.0
학력	10	10	1.0
학번	10	10	1.0
학부모	9	10	0.9
학비	8	10	0.8
학생	9	10	0.9
학생증	10	10	1.0
학술	9	10	0.9
학습	10	10	1.0
학용품	10	10	1.0
학원	10	10	1.0
학위	6	10	0.6
학자	8	10	0.8
학점	9	10	0.9
한가운데	10	10	1.0
한강	10	10	1.0
한겨울	10	10	1.0
한계	6	10	0.6
한구석	10	10	1.0
한국	10	10	1.0
한국말	6	10	0.6
한국어	6	10	0.6
한국적	9	10	0.9
한글	10	10	1.0
한글날	10	10	1.0
한낮	10	10	1.0
한눈	9	10	0.9
한동안	8	10	0.8
한때	10	10	1.0
한라산	9	10	0.9
한마디	10	10	1.0
한문	8	10	0.8
한반도	8	10	0.8
한밤중	10	10	1.0
한번	10	10	1.0
한복	10	10	1.0
한순간	8	10	0.8
한숨	10	10	1.0
한식	9	10	0.9
한여름	10	10	1.0
한자	9	10	0.9
한잔	6	10	0.6
한쪽	10	10	1.0
한참	8	10	0.8
한편	10	10	1.0
한평생	10	10	1.0
할머니	10	10	1.0
할아버지	9	10	0.9
할인	10	10	1.0
합격	10	10	1.0
합리적	10	10	1.0
항공	9	10	0.9
항공기	9	10	0.9
항구	9	10	0.9
항의	8	10	0.8
해결	9	10	0.9
해군	10	10	1.0
해답	10	10	1.0
해당	10	10	1.0
해물	9	10	0.9
해석	10	10	1.0
해설	9	10	0.9
해소	10	10	1.0
해수욕장	9	10	0.9
해안	9	10	0.9
해외	7	10	0.7
해외여행	10	10	1.0
핵심	8	10	0.8
핸드백	10	10	1.0
핸드폰	10	10	1.0
햄버거	8	10	0.8
햇볕	10	10	1.0
햇빛	0	10	0.0
햇살	4	10	0.4
행동	9	10	0.9
행복	7	10	0.7
행사	9	10	0.9
행운	10	10	1.0
행위	10	10	1.0
향기	9	10	0.9
향상	8	10	0.8
향수	10	10	1.0
허가	5	10	0.5
허락	10	10	1.0
허리	5	10	0.5
허용	7	10	0.7
헬기	10	10	1.0
현관	7	10	0.7
현관문	6	10	0.6
현금	9	10	0.9
현대	9	10	0.9
현대인	6	10	0.6
현대적	7	10	0.7
현상	8	10	0.8
현실	8	10	0.8
현실적	8	10	0.8
현장	8	10	0.8
현재	7	10	0.7
현지	10	10	1.0
혈액	10	10	1.0
협력	10	10	1.0
형님	10	10	1.0
형부	10	10	1.0
형사	8	10	0.8
형성	8	10	0.8
형수	10	10	1.0
형식	8	10	0.8
형식적	9	10	0.9
형제	10	10	1.0
형태	10	10	1.0
형편	10	10	1.0
혜택	10	10	1.0
호기심	6	10	0.6
호남	9	10	0.9
호랑이	7	10	0.7
호박	10	10	1.0
호수	10	10	1.0
호실	9	10	0.9
호주	7	10	0.7
호주머니	10	10	1.0
호텔	10	10	1.0
호흡	10	10	1.0
혼자	9	10	0.9
혼잣말	5	10	0.5
홈페이지	10	10	1.0
홍보	9	10	0.9
홍수	9	10	0.9
홍차	6	10	0.6
화가	6	10	0.6
화면	10	10	1.0
화분	8	10	0.8
화살	5	10	0.5
화요일	10	10	1.0
화장	10	10	1.0
화장실	7	10	0.7
화장지	9	10	0.9
화장품	10	10	1.0
화재	9	10	0.9
화제	10	10	1.0
화학	6	10	0.6
확보	9	10	0.9
확신	10	10	1.0
확인	9	10	0.9
확장	8	10	0.8
확정	10	10	1.0
환갑	10	10	1.0
환경	7	10	0.7
환경오염	0	10	0.0
환영	8	10	0.8
환율	10	10	1.0
환자	10	10	1.0
활기	9	10	0.9
활동	10	10	1.0
활용	9	10	0.9
회견	10	10	1.0
회관	7	10	0.7
회복	9	10	0.9
회사	8	10	0.8
회색	3	10	0.3
회원	8	10	0.8
회의	9	10	0.9
회장	9	10	0.9
회전	9	10	0.9
회화	10	10	1.0
횟수	10	10	1.0
횡단보도	9	10	0.9
효과	10	10	1.0
효과적	4	10	0.4
효도	7	10	0.7
효율적	7	10	0.7
효자	9	10	0.9
후기	10	10	1.0
후반	9	10	0.9
후배	9	10	0.9
후보	8	10	0.8
후춧가루	10	10	1.0
후회	10	10	1.0
훈련	10	10	1.0
휴가	5	10	0.5
휴식	5	10	0.5
휴일	10	10	1.0
휴지	9	10	0.9
휴지통	10	10	1.0
흉내	6	10	0.6
흐름	10	10	1.0
흑백	10	10	1.0
흑인	7	10	0.7
흔적	9	10	0.9
흥미	10	10	1.0
흥분	8	10	0.8
희곡	10	10	1.0
희망	10	10	1.0
희생	10	10	1.0
흰색	3	10	0.3
