0.9
1.0
0.9
0.82
1.0
0.52
0.82
0.54
0.81
0.92
1.0
0.64
1.0
0.91
0.83
0.89
0.9
0.88
1.0
0.96
0.88
1.0
0.74
1.0
1.0
0.86
0.84
0.76
1.0
0.82
1.0
1.0
0.92
0.96
0.7
0.76
1.0
1.0
0.95
0.69
0.81
0.9
1.0
0.93
1.0
0.78
0.77
0.67
0.86
1.0
0.8
0.86
0.8
0.94
1.0
0.49
0.99
0.93
0.81
0.79
0.88
0.8
0.82
0.85
0.9
0.84
1.0
0.84
0.99
0.83
0.84
1.0
0.79
0.93
1.0
0.64
0.74
1.0
0.95
0.85
0.9
0.99
0.87
0.92
0.78
0.66
0.54
0.8
0.93
1.0
0.9
0.79
0.86
0.87
0.77
0.46
0.78
1.0
1.0
1.0
0.6
1.0
1.0
0.93
1.0
0.99
0.92
0.89
0.81
0.91
0.99
0.86
0.74
0.83
0.46
0.53
0.61
1.0
1.0
1.0
1.0
0.87
0.96
1.0
0.77
0.94
1.0
1.0
0.95
0.87
1.0
1.0
0.82
0.72
0.81
0.89
0.76
0.78
1.0
1.0
0.9
0.88
0.83
0.86
1.0
1.0
0.99
1.0
0.77
0.8
0.92
1.0
0.63
0.81
0.76
1.0
1.0
1.0
0.86
1.0
0.92
0.78
0.86
0.93
0.96
1.0
1.0
0.99
1.0
0.93
1.0
0.72
1.0
1.0
0.81
0.99
0.96
1.0
0.76
0.88
0.96
0.84
0.9
0.99
0.48
0.8
0.86
0.75
0.97
1.0
0.66
0.79
1.0
0.99
1.0
1.0
0.8
0.71
1.0
0.87
0.77
0.74
0.81
1.0
0.82
0.98
1.0
0.93
1.0
1.0
0.92
0.86
0.85
0.9
0.76
0.87
0.76
1.0
0.88
0.81
0.88
0.74
0.93
0.79
0.99
0.96
1.0
0.99
0.78
0.76
0.88
1.0
0.86
1.0
0.94
0.82
0.67
0.77
0.98
0.86
0.8
0.98
1.0
0.78
0.85
0.8
1.0
0.69
0.87
1.0
1.0
0.88
0.95
1.0
1.0
1.0
1.0
0.43
1.0
0.86
0.82
0.82
1.0
0.8
0.81
0.82
0.9
0.96
0.78
0.83
0.87
1.0
0.92
0.92
0.79
0.93
0.75
0.78
0.89
0.99
0.82
0.83
0.84
0.74
0.94
0.71
0.98
0.82
0.82
0.68
0.99
0.0
0.75
0.56
1.0
1.0
1.0
0.83
1.0
1.0
0.79
0.97
1.0
0.47
0.86
0.83
0.52
0.78
0.68
0.76
0.88
0.77
0.87
0.81
1.0
0.9
0.83
0.79
0.8
0.94
0.91
0.69
1.0
0.78
0.99
0.91
0.77
0.99
0.99
0.88
0.85
0.85
0.86
0.77
0.5
0.79
0.97
0.78
0.96
0.91
1.0
0.8
0.99
1.0
0.83
0.87
0.73
0.99
1.0
0.8
0.83
1.0
1.0
1.0
1.0
0.94
1.0
0.92
0.92
1.0
0.92
0.92
0.97
0.96
0.76
0.73
0.82
0.97
1.0
0.5
0.92
0.73
0.88
0.78
0.88
0.99
0.79
0.89
0.0
0.79
0.93
0.8
1.0
0.56
1.0
0.9
0.97
0.94
0.82
0.77
0.59
0.71
0.76
0.83
1.0
0.94
1.0
0.53
0.87
0.86
0.96
1.0
1.0
1.0
0.51
0.87
0.86
0.8
1.0
0.79
0.77
0.84
0.74
0.91
0.81
1.0
1.0
0.77
0.87
0.99
0.99
0.8
0.93
0.82
0.8
1.0
0.69
0.87
0.75
0.74
0.65
0.81
1.0
1.0
1.0
0.85
1.0
0.78
0.99
0.76
0.48
0.88
0.18
0.63
0.99
1.0
0.85
1.0
0.51
0.68
0.8
0.0
0.8
0.78
0.98
0.52
0.68
0.82
0.0
1.0
0.89
0.98
0.78
0.77
0.93
0.77
0.9
0.9
1.0
0.78
0.83
0.95
0.85
1.0
1.0
0.86
1.0
0.79
0.49
0.92
1.0
0.0
0.97
1.0
0.9
0.81
0.91
0.58
0.79
0.93
0.68
0.95
0.86
0.82
1.0
0.98
0.91
0.85
0.67
1.0
1.0
0.56
0.91
0.75
0.82
0.92
0.97
0.8
1.0
0.85
0.61
0.91
0.89
0.94
0.91
0.82
0.75
0.5
0.88
0.91
0.87
0.53
1.0
0.89
0.45
1.0
0.89
0.84
0.0
0.57
0.79
0.68
1.0
0.58
0.82
0.84
1.0
0.81
0.0
0.87
0.92
0.84
0.91
0.85
0.92
0.93
1.0
0.74
1.0
0.89
0.73
0.68
1.0
0.83
0.94
1.0
0.0
1.0
0.79
0.81
1.0
1.0
0.87
0.79
1.0
1.0
0.42
0.93
0.93
0.81
0.84
0.0
1.0
1.0
0.61
0.99
0.84
1.0
1.0
0.55
0.72
0.73
0.91
0.75
0.6
0.99
0.91
1.0
1.0
1.0
0.83
0.0
0.83
1.0
0.84
0.81
0.89
1.0
1.0
0.83
0.6
0.96
0.79
0.8
0.74
1.0
0.81
0.85
0.85
1.0
1.0
0.92
1.0
0.81
1.0
1.0
0.93
0.83
0.8
0.8
0.72
0.9
0.92
1.0
0.82
0.94
0.71
0.93
0.98
0.99
0.72
0.99
1.0
1.0
0.88
0.76
0.81
0.96
0.94
0.55
0.92
0.82
0.95
0.8
0.86
0.99
0.98
0.71
0.79
1.0
0.45
0.0
0.82
0.88
1.0
0.53
0.67
1.0
0.67
0.85
1.0
0.78
0.9
0.63
0.85
0.87
0.76
0.95
0.88
1.0
1.0
1.0
1.0
0.84
0.97
0.56
0.69
0.87
0.83
0.86
1.0
0.88
0.76
1.0
0.9
0.81
0.84
0.91
0.75
0.66
0.81
0.52
0.8
0.72
0.76
0.98
0.63
0.93
1.0
0.88
0.83
1.0
0.98
0.99
0.91
0.9
0.74
0.99
1.0
1.0
0.94
0.87
0.98
0.89
1.0
0.99
0.65
1.0
0.93
0.94
0.65
1.0
0.8
0.97
0.91
0.44
0.77
0.69
1.0
0.8
1.0
0.83
0.91
1.0
0.98
1.0
0.93
0.84
1.0
1.0
0.86
0.95
1.0
1.0
0.0
0.83
1.0
0.56
1.0
1.0
1.0
0.71
0.65
1.0
1.0
0.56
0.58
1.0
0.78
1.0
1.0
0.94
1.0
1.0
1.0
0.53
0.96
0.87
1.0
1.0
0.88
1.0
0.99
0.0
0.73
0.92
1.0
0.89
1.0
0.64
0.52
0.77
0.88
0.62
0.98
0.87
0.97
0.75
1.0
1.0
0.79
0.81
1.0
0.97
0.71
0.99
1.0
1.0
1.0
0.97
0.84
0.7
0.96
0.55
0.64
1.0
1.0
0.98
0.86
0.86
0.9
0.85
0.9
0.96
0.49
0.95
0.97
0.84
0.71
0.69
0.93
1.0
0.52
0.98
0.92
0.92
0.94
1.0
0.85
0.0
1.0
0.61
1.0
0.45
0.95
1.0
0.68
1.0
0.87
1.0
0.82
0.89
1.0
0.89
0.52
1.0
0.98
1.0
1.0
0.85
0.9
0.69
0.95
0.57
0.98
1.0
0.99
0.78
0.88
0.77
1.0
0.82
1.0
0.83
0.7
1.0
1.0
1.0
0.6
1.0
0.8
0.79
1.0
0.88
1.0
0.51
0.77
0.8
0.7
1.0
0.72
0.86
0.85
1.0
0.81
0.76
0.77
0.95
0.88
0.88
0.83
1.0
0.82
0.98
0.81
0.97
0.88
0.82
0.92
1.0
0.64
1.0
0.87
0.95
0.9
0.95
0.64
0.81
1.0
0.78
0.94
0.85
1.0
1.0
0.83
0.97
1.0
0.93
0.96
0.99
0.88
1.0
1.0
0.91
1.0
1.0
1.0
0.85
1.0
0.86
1.0
0.79
0.92
1.0
0.85
0.74
0.87
1.0
0.88
1.0
1.0
0.73
0.8
0.96
0.8
0.88
0.99
0.63
0.98
0.73
0.77
1.0
0.75
1.0
0.93
1.0
0.63
1.0
0.8
1.0
1.0
1.0
0.5
0.76
0.39
0.65
1.0
0.91
0.88
0.95
0.92
1.0
0.89
1.0
0.51
0.54
0.89
1.0
1.0
1.0
0.85
1.0
0.95
0.93
1.0
0.5
0.99
0.97
0.81
0.82
0.81
1.0
0.89
0.74
0.95
1.0
0.71
0.8
1.0
0.57
1.0
0.95
0.79
0.73
0.77
0.74
0.9
0.53
0.83
0.8
1.0
0.73
1.0
1.0
1.0
0.86
0.0
1.0
0.98
1.0
0.9
0.77
0.85
0.44
0.76
0.79
1.0
1.0
0.87
0.75
1.0
0.99
1.0
0.72
0.0
0.65
0.89
0.79
0.93
0.88
0.99
0.86
0.67
0.98
0.83
0.58
0.82
0.82
0.79
0.68
0.87
0.79
0.57
1.0
1.0
0.48
0.87
0.86
0.73
0.86
0.86
0.72
0.9
0.86
1.0
0.99
0.75
1.0
0.79
0.88
0.76
0.88
0.59
1.0
0.83
0.29
0.79
1.0
0.89
0.82
0.8
0.84
0.97
1.0
0.97
1.0
0.81
0.9
1.0
0.89
0.91
0.95
0.86
0.93
0.8
1.0
0.91
0.93
0.92
0.85
0.96
0.86
0.84
1.0
0.78
0.83
0.83
0.83
1.0
0.77
0.78
1.0
0.77
1.0
0.63
0.76
0.72
1.0
1.0
0.88
0.83
0.9
1.0
0.81
0.76
1.0
0.49
1.0
1.0
0.86
0.81
0.51
0.86
0.97
0.46
0.85
0.51
0.0
0.83
1.0
0.99
0.96
1.0
1.0
0.86
0.95
1.0
1.0
1.0
1.0
0.9
0.91
0.76
0.9
0.72
0.0
1.0
0.31
0.91
0.85
0.78
1.0
0.88
0.85
1.0
0.71
1.0
0.91
0.7
1.0
0.89
1.0
0.84
1.0
0.46
1.0
0.52
0.89
0.97
0.84
0.98
0.87
0.92
1.0
1.0
1.0
1.0
1.0
1.0
1.0
0.73
0.95
0.8
0.96
0.85
0.88
0.87
1.0
0.71
1.0
0.82
1.0
0.74
0.87
0.83
0.84
0.87
0.46
0.65
0.89
0.83
0.86
0.73
0.91
0.99
0.69
0.83
1.0
0.81
1.0
0.56
0.89
0.99
1.0
0.87
0.79
0.94
0.8
1.0
1.0
1.0
0.92
0.95
1.0
0.99
1.0
0.87
1.0
0.95
0.45
1.0
0.73
0.91
0.91
1.0
0.93
0.85
0.89
0.84
0.8
1.0
1.0
0.85
0.87
1.0
0.89
1.0
0.83
0.81
0.76
0.8
0.74
0.68
1.0
0.88
1.0
1.0
1.0
1.0
0.49
0.9
0.96
1.0
0.87
0.64
0.96
0.87
0.74
0.89
0.98
0.9
1.0
0.86
0.93
0.89
0.95
1.0
0.85
1.0
1.0
0.78
1.0
0.87
1.0
0.45
1.0
0.69
0.85
0.91
0.88
0.75
0.82
1.0
1.0
0.77
0.75
1.0
0.48
0.8
0.94
0.84
0.92
0.73
0.94
1.0
0.92
0.83
0.82
0.91
0.74
0.94
1.0
0.83
0.92
0.99
1.0
0.79
0.9
0.93
0.74
1.0
0.0
1.0
0.69
0.87
0.76
1.0
0.74
1.0
0.84
0.81
0.81
0.93
1.0
0.75
0.75
0.78
0.86
0.87
0.87
0.49
0.8
0.85
0.94
0.47
1.0
1.0
1.0
0.9
0.96
0.0
0.0
0.98
0.85
0.8
0.84
0.88
0.71
1.0
1.0
1.0
0.53
1.0
0.56
0.94
0.89
0.85
0.69
0.77
0.99
0.94
0.84
0.81
0.88
1.0
0.83
0.9
0.95
0.85
0.82
0.83
0.95
1.0
0.97
1.0
0.9
0.88
0.58
0.88
0.99
0.95
0.87
0.79
0.0
1.0
1.0
1.0
1.0
0.88
0.67
1.0
0.74
1.0
0.93
0.75
0.85
0.88
0.99
1.0
0.92
0.0
0.87
0.86
0.99
0.88
1.0
0.94
0.75
1.0
0.91
0.83
0.9
0.9
0.9
0.8
0.96
0.8
1.0
0.84
1.0
0.96
1.0
0.0
0.76
0.79
0.92
0.95
0.87
1.0
0.75
1.0
1.0
0.99
1.0
0.9
0.86
0.87
0.88
0.9
1.0
0.9
1.0
0.81
0.76
0.77
0.92
0.74
0.67
1.0
1.0
0.54
0.75
1.0
0.88
1.0
1.0
0.47
0.95
0.0
0.63
0.0
0.69
1.0
0.75
0.78
0.98
0.73
0.73
1.0
1.0
0.8
0.81
1.0
0.58
0.85
0.65
0.73
0.98
0.74
0.68
0.99
0.68
0.91
0.86
0.82
0.87
0.82
0.78
1.0
0.82
0.9
1.0
1.0
0.0
0.89
0.75
0.93
0.68
1.0
0.87
1.0
1.0
0.79
0.86
0.46
0.72
0.76
0.96
0.62
0.82
0.95
0.83
0.91
1.0
1.0
0.39
1.0
0.87
0.55
1.0
0.8
0.83
1.0
1.0
1.0
0.93
1.0
0.8
1.0
1.0
0.9
0.82
1.0
1.0
0.73
0.71
0.78
0.76
1.0
0.73
1.0
0.88
0.77
0.89
0.67
0.88
0.81
0.86
0.78
0.74
0.99
0.9
0.74
0.86
0.9
1.0
0.54
0.81
0.77
0.68
0.69
0.81
0.93
1.0
0.99
1.0
0.83
1.0
1.0
1.0
0.93
1.0
0.82
0.79
0.99
1.0
0.77
0.98
0.8
1.0
0.0
1.0
1.0
0.46
0.78
1.0
0.74
0.74
0.98
1.0
0.47
0.45
1.0
0.94
1.0
0.9
0.84
1.0
1.0
1.0
1.0
0.0
0.84
0.92
0.76
0.83
1.0
1.0
1.0
1.0
1.0
1.0
0.0
1.0
1.0
0.91
1.0
0.92
0.0
0.52
0.86
0.63
1.0
0.0
1.0
0.71
0.73
0.0
0.78
1.0
0.86
1.0
0.94
0.98
0.78
1.0
0.82
0.91
0.88
0.9
0.94
0.99
0.94
1.0
1.0
1.0
0.27
0.82
1.0
1.0
1.0
0.99
0.41
0.88
0.86
1.0
0.83
0.97
0.78
0.44
0.92
0.93
0.79
0.79
0.77
0.93
0.83
0.67
0.81
0.96
0.98
0.92
0.8
1.0
1.0
0.89
0.94
1.0
1.0
0.54
0.66
0.89
0.93
0.61
0.87
0.82
0.99
0.91
1.0
1.0
0.86
1.0
1.0
0.93
1.0
0.89
0.98
0.95
0.99
1.0
1.0
1.0
0.99
0.63
1.0
0.87
1.0
0.63
1.0
0.65
0.82
0.86
0.67
0.65
0.82
0.74
0.9
1.0
0.55
0.92
0.0
0.71
0.0
0.78
0.91
0.91
0.65
1.0
0.93
0.81
0.91
0.91
1.0
1.0
1.0
1.0
0.73
1.0
0.9
0.95
0.82
0.87
0.87
0.9
1.0
0.86
0.84
0.73
0.83
0.65
0.82
0.68
0.8
0.92
0.69
0.82
0.91
0.81
0.83
0.85
1.0
0.87
0.84
0.53
1.0
0.82
1.0
0.55
0.79
0.98
0.96
1.0
0.99
0.82
0.86
0.8
0.96
0.99
0.89
0.49
1.0
0.86
0.61
1.0
0.99
0.67
1.0
1.0
0.79
0.93
0.8
0.87
0.83
0.66
1.0
1.0
1.0
0.68
1.0
1.0
1.0
1.0
0.74
0.87
0.99
0.51
0.92
1.0
0.99
0.86
0.89
0.76
0.88
0.93
0.84
0.93
0.94
0.8
0.77
1.0
0.75
0.86
0.85
0.96
0.95
0.97
0.98
0.96
0.89
1.0
1.0
1.0
0.85
0.95
0.86
0.83
0.94
0.7
0.57
1.0
0.53
1.0
1.0
0.0
0.52
0.85
0.93
0.58
0.81
1.0
0.95
0.85
0.86
0.92
0.81
1.0
0.82
0.75
0.92
1.0
1.0
1.0
0.97
1.0
1.0
0.84
0.74
0.93
0.83
0.85
1.0
1.0
0.98
0.69
0.96
0.59
0.85
0.94
0.74
0.92
1.0
1.0
0.98
1.0
0.64
1.0
0.87
0.83
0.65
1.0
0.88
0.87
0.49
0.85
0.65
0.95
0.74
1.0
0.51
0.72
0.8
0.84
0.85
1.0
0.82
0.61
1.0
0.74
0.57
0.9
0.97
0.92
0.99
0.91
0.98
0.99
0.89
0.94
0.99
0.78
0.99
0.74
0.9
0.95
0.8
0.85
0.85
1.0
0.92
0.85
0.48
1.0
1.0
0.84
0.4
0.78
1.0
0.79
0.9
0.87
0.86
0.85
1.0
1.0
0.99
0.92
0.0
0.93
0.91
0.45
0.85
0.49
0.77
1.0
0.9
0.76
0.91
1.0
1.0
0.78
1.0
0.82
0.0
0.8
1.0
0.96
1.0
0.55
0.9
0.71
0.7
0.89
0.93
0.42
0.74
0.94
0.85
0.87
0.93
1.0
0.91
1.0
0.84
0.76
0.83
1.0
0.64
1.0
1.0
0.89
0.83
0.79
0.8
0.93
0.85
0.61
0.74
0.97
1.0
0.76
0.73
0.75
1.0
0.65
0.91
0.79
0.93
0.77
0.79
0.81
1.0
0.92
0.9
0.91
0.83
1.0
0.0
1.0
0.77
1.0
0.84
0.55
0.84
0.93
1.0
0.76
0.82
1.0
0.6
0.81
0.92
0.85
0.93
0.99
1.0
0.84
0.48
0.79
0.74
0.83
0.74
0.78
0.0
0.86
0.78
0.78
0.86
0.69
1.0
0.53
0.96
1.0
0.9
0.94
1.0
0.86
0.97
1.0
0.72
0.96
0.69
1.0
0.84
0.81
0.73
0.72
0.78
1.0
0.92
0.87
0.92
0.84
0.82
1.0
0.93
0.76
0.51
0.48
0.66
0.81
0.77
0.93
1.0
0.97
0.88
0.8
0.99
0.79
0.95
1.0
0.68
1.0
1.0
0.69
0.9
0.83
0.84
0.88
0.83
0.86
0.86
0.55
0.91
0.81
1.0
0.77
0.91
0.53
0.71
0.84
1.0
0.96
0.55
0.82
0.51
1.0
0.8
0.98
0.75
0.77
1.0
0.82
1.0
0.86
0.74
0.72
0.86
0.9
0.83
0.92
0.88
1.0
1.0
0.85
0.97
0.84
0.9
0.79
0.77
0.89
1.0
0.97
1.0
0.87
1.0
0.89
0.62
1.0
1.0
0.46
0.66
0.84
0.5
1.0
0.81
0.92
0.97
0.93
0.75
0.82
0.72
0.87
0.87
1.0
0.97
0.8
0.98
0.86
0.72
0.91
1.0
0.81
0.79
1.0
0.79
1.0
0.87
1.0
1.0
0.92
1.0
1.0
0.92
1.0
0.72
1.0
1.0
0.42
1.0
0.78
0.0
0.45
0.84
0.74
1.0
0.7
1.0
0.9
0.81
1.0
0.99
0.87
1.0
1.0
0.83
1.0
0.66
0.94
0.81
1.0
0.82
0.88
0.78
1.0
0.95
0.93
0.86
0.82
0.81
0.73
0.81
0.5
1.0
0.74
0.93
0.93
0.93
1.0
0.99
0.86
1.0
0.89
1.0
0.74
0.75
1.0
0.49
1.0
1.0
0.98
1.0
0.83
1.0
1.0
0.71
0.79
0.76
1.0
0.95
0.9
0.89
0.95
0.84
0.84
1.0
1.0
0.56
0.84
1.0
0.9
0.74
0.83
0.79
0.98
0.85
0.78
0.89
0.93
0.79
0.94
0.88
0.86
1.0
0.8
0.85
1.0
0.94
1.0
0.82
0.78
0.98
0.99
0.76
1.0
0.83
0.77
0.67
0.84
0.89
0.82
1.0
0.91
0.8
0.68
0.87
0.78
1.0
0.93
0.76
1.0
0.76
0.82
0.89
0.84
1.0
1.0
0.75
0.9
0.76
1.0
1.0
0.78
0.83
0.5
0.56
0.94
0.96
0.94
0.81
1.0
0.92
0.89
0.83
0.83
0.7
0.81
0.9
0.99
0.79
0.77
0.91
0.72
0.88
0.64
0.9
0.88
0.78
0.8
0.91
0.82
0.79
0.68
0.85
0.74
0.98
0.89
0.86
0.88
0.95
0.92
0.81
0.53
0.73
0.82
0.98
1.0
0.78
0.99
0.98
0.94
0.88
0.81
1.0
0.72
1.0
0.74
0.91
0.95
0.91
0.99
1.0
0.78
0.67
0.79
1.0
0.94
0.85
0.96
0.84
0.51
1.0
0.5
0.83
0.89
1.0
0.94
0.54
1.0
0.86
0.83
0.85
0.74
1.0
0.6
0.68
1.0
1.0
0.93
0.87
0.92
1.0
0.9
0.71
0.93
0.81
0.73
0.88
0.7
0.9
0.83
0.89
0.81
0.78
1.0
0.66
0.75
1.0
0.84
0.76
0.85
0.88
0.54
0.87
1.0
0.82
0.99
0.97
0.57
1.0
1.0
0.92
0.85
0.9
0.82
0.98
1.0
1.0
0.83
0.76
0.9
1.0
0.9
0.77
0.95
0.94
1.0
0.86
0.94
0.72
0.84
0.94
0.77
0.9
0.97
0.95
1.0
0.83
0.85
1.0
1.0
0.52
0.98
0.97
0.93
0.45
0.9
0.85
0.81
1.0
0.96
0.92
1.0
0.77
0.8
0.84
0.8
1.0
0.95
0.85
0.72
0.79
0.78
0.94
0.74
1.0
1.0
0.73
0.82
1.0
0.67
0.89
1.0
0.86
0.79
0.86
0.89
0.67
0.76
0.77
1.0
0.87
1.0
0.9
0.5
1.0
0.49
0.8
0.83
0.97
1.0
0.99
1.0
1.0
0.78
0.9
1.0
0.81
0.8
0.62
0.91
0.75
0.81
0.99
0.88
0.74
0.96
1.0
0.83
0.87
1.0
1.0
1.0
1.0
0.92
0.9
0.74
0.89
0.96
0.9
0.79
0.81
1.0
0.54
1.0
0.81
0.86
0.86
0.82
0.59
0.88
0.82
0.83
0.92
1.0
0.64
0.79
0.81
1.0
0.94
0.85
0.88
0.86
0.89
1.0
1.0
0.85
0.48
1.0
0.49
1.0
0.84
0.94
0.95
1.0
0.75
0.79
0.82
0.74
0.86
0.79
0.97
1.0
0.9
0.89
0.82
1.0
1.0
0.8
1.0
0.99
0.95
0.63
0.8
0.88
1.0
0.88
0.9
0.97
0.91
0.52
0.88
0.26
0.84
0.84
0.99
1.0
1.0
0.85
1.0
0.8
0.49
0.74
1.0
0.92
0.95
0.51
0.74
0.85
0.75
1.0
0.96
0.88
0.84
0.86
0.96
0.84
0.89
0.95
0.64
0.58
0.75
0.79
0.82
0.7
1.0
1.0
0.7
0.74
0.97
1.0
0.82
0.98
0.68
0.85
0.99
0.69
0.87
0.92
0.9
0.73
0.8
0.93
0.91
0.86
0.82
0.96
0.94
0.83
0.91
1.0
0.72
1.0
0.86
0.87
1.0
0.81
0.85
0.91
1.0
0.78
0.99
1.0
1.0
1.0
0.54
0.65
0.66
0.87
1.0
0.81
0.98
0.99
1.0
0.43
1.0
0.88
1.0
0.73
1.0
1.0
1.0
0.45
0.84
0.0
1.0
0.88
0.89
0.0
0.83
0.84
1.0
0.89
1.0
1.0
0.0
1.0
1.0
0.49
1.0
1.0
0.91
0.77
0.88
0.66
0.0
0.91
0.0
0.74
0.84
0.85
1.0
0.67
0.89
0.85
1.0
1.0
1.0
0.52
1.0
0.88
1.0
0.96
0.93
0.88
1.0
0.76
1.0
0.81
0.9
0.87
0.84
0.93
0.87
0.88
0.61
0.78
0.92
0.9
0.0
1.0
1.0
0.85
1.0
0.0
1.0
0.77
0.0
0.96
1.0
0.87
1.0
0.82
0.99
0.71
0.98
0.69
1.0
0.45
0.93
1.0
0.96
0.74
1.0
0.97
0.54
1.0
0.89
0.89
0.88
0.85
0.91
0.93
1.0
1.0
1.0
0.77
0.9
0.82
1.0
0.87
1.0
0.83
0.49
0.53
0.94
0.93
0.53
0.94
0.98
0.63
0.83
0.46
0.96
1.0
0.88
0.5
0.44
0.0
1.0
0.92
0.78
0.92
0.78
1.0
0.82
0.91
0.89
0.77
0.95
0.99
0.87
0.86
0.9
0.0
0.0
0.77
0.59
0.7
1.0
1.0
0.97
0.77
0.99
1.0
1.0
0.74
0.96
0.71
0.97
1.0
0.76
0.58
1.0
0.0
1.0
1.0
0.91
0.5
1.0
0.97
0.83
0.73
0.79
0.93
0.73
1.0
0.92
0.77
0.77
0.88
0.8
0.87
0.99
0.71
0.87
1.0
0.83
1.0
1.0
0.56
1.0
0.53
0.83
1.0
1.0
0.5
0.98
1.0
1.0
0.97
1.0
1.0
0.83
1.0
1.0
0.94
0.76
0.75
0.9
0.95
0.92
1.0
1.0
0.88
0.75
0.82
0.78
1.0
0.9
1.0
0.64
1.0
0.92
0.54
0.61
0.87
1.0
1.0
1.0
0.84
0.87
1.0
0.94
0.96
0.88
0.77
0.92
1.0
0.89
0.77
1.0
0.85
1.0
0.82
0.69
1.0
0.86
1.0
0.89
1.0
0.92
0.79
1.0
0.79
0.93
0.88
0.8
0.93
0.86
1.0
0.98
1.0
0.93
1.0
0.66
0.91
0.82
0.87
0.81
1.0
0.81
1.0
1.0
0.89
1.0
0.0
0.42
0.9
0.94
0.8
1.0
0.68
0.84
0.82
0.89
0.73
1.0
0.42
0.86
0.85
0.7
0.85
0.84
0.89
0.87
0.79
0.83
0.77
0.86
0.73
0.8
0.92
1.0
1.0
1.0
0.83
0.8
0.79
0.9
0.78
0.73
1.0
1.0
1.0
1.0
0.83
0.83
0.85
1.0
0.92
0.77
0.94
1.0
1.0
1.0
0.87
0.59
0.84
0.81
0.94
0.7
0.74
0.96
0.86
0.54
0.98
0.77
0.76
0.88
1.0
0.76
1.0
0.78
0.89
0.93
0.88
0.78
0.99
1.0
0.74
0.0
0.78
1.0
0.81
0.81
0.86
0.81
1.0
0.71
0.95
0.69
0.46
0.91
0.87
0.73
0.97
1.0
0.89
0.88
1.0
0.82
0.78
0.81
0.83
0.83
0.88
0.79
0.78
1.0
1.0
1.0
0.8
0.76
0.97
0.91
0.99
0.83
1.0
1.0
0.87
0.76
0.75
0.87
1.0
1.0
0.91
0.44
